ID	GeneID	geneSymbol	chr	strand	riExonStart_0base	riExonEnd	upstreamES	upstreamEE	downstreamES	downstreamEE	ID.1	IJC_SAMPLE_1	SJC_SAMPLE_1	IJC_SAMPLE_2	SJC_SAMPLE_2	IncFormLen	SkipFormLen	PValue	FDR	IncLevel1	IncLevel2	IncLevelDifference	upstream_to_intron_count	intron_to_downstream_count	intron_count	upstream_to_downstream_count
197	ENSG00000185133.14	INPP5J	chr22	+	31133609	31134696	31133609	31133714	31133912	31134696	197	0,0,3	29,8,7	0,4,8	8,11,4	347	149	0.00119271295633	0.0064043045956353	0.0,0.0,0.155	0.0,0.135,0.462	-0.147	0,0,0,0,0,8	0,0,3,0,0,0	0,0,0,0,4,0	29,8,7,8,11,4
215	ENSG00000161179.14	YDJC	chr22	-	21629009	21629407	21629009	21629187	21629307	21629407	215	230,175,138	5,6,14	55,52,86	11,13,24	269	149	8.32399149608e-10	2.8837692572860202e-08	0.962,0.942,0.845	0.735,0.689,0.665	0.22	87,64,65,25,22,53	144,99,81,31,36,33	0,14,0,0,0,0	5,6,14,11,13,24
216	ENSG00000161179.14	YDJC	chr22	-	21629307	21629761	21629307	21629407	21629542	21629761	216	188,249,248	21,15,8	104,112,115	3,15,13	284	149	0.262540847819	0.4635829322287456	0.824,0.897,0.942	0.948,0.797,0.823	0.032	71,155,109,43,33,33	122,94,139,61,74,82	0,0,0,2,6,0	21,15,8,3,15,13
217	ENSG00000161179.14	YDJC	chr22	-	21629009	21629761	21629009	21629407	21629601	21629761	217	249,325,308	14,13,7	132,162,145	4,5,15	343	149	0.340408590414	0.555456533324015	0.885,0.916,0.95	0.935,0.934,0.808	0.025	71,155,109,43,33,33	130,130,115,60,106,79	48,40,84,29,23,33	14,13,7,4,5,15
612	ENSG00000104889.7	RNASEH2A	chr19	+	12807205	12807506	12807205	12807329	12807418	12807506	612	85,106,154	33,7,30	22,52,36	9,28,53	238	149	0.000336269158252	0.0022709278396489	0.617,0.905,0.763	0.605,0.538,0.298	0.281	59,70,119,21,40,26	34,61,57,8,30,13	0,0,0,0,0,0	33,7,30,9,28,53
768	ENSG00000187531.14	SIRT7	chr17	-	81911938	81913880	81911938	81912614	81913773	81913880	768	716,713,719	316,309,296	638,648,785	208,224,310	1308	149	0.0644960273379	0.1604087854632632	0.205,0.208,0.217	0.259,0.248,0.224	-0.034	99,143,89,89,84,122	91,46,40,50,72,89	526,524,590,499,492,574	316,309,296,208,224,310
769	ENSG00000187531.14	SIRT7	chr17	-	81913773	81914167	81913773	81913880	81914086	81914167	769	284,250,174	284,243,229	144,154,140	180,213,235	355	149	0.0133349414638	0.044782816074616	0.296,0.302,0.242	0.251,0.233,0.2	0.052	91,96,56,49,43,60	83,82,79,45,49,33	110,72,39,50,62,47	284,243,229,180,213,235
770	ENSG00000187531.14	SIRT7	chr17	-	81914293	81914702	81914293	81914530	81914603	81914702	770	161,258,244	54,37,31	145,147,187	38,83,68	222	149	0.00171482327968	0.008590928391338	0.667,0.824,0.841	0.719,0.543,0.649	0.14	131,157,137,102,115,140	72,149,150,81,63,99	0,0,0,0,0,0	54,37,31,38,83,68
771	ENSG00000187531.14	SIRT7	chr17	-	81914293	81915512	81914293	81914530	81915439	81915512	771	756,1015,934	6,4,2	450,431,525	1,1,0	1058	149	0.0363924758425	0.1018301161292718	0.947,0.973,0.985	0.984,0.984,1.0	-0.021	131,157,137,102,115,140	98,133,201,67,60,74	527,725,596,281,256,311	6,4,2,1,1,0
772	ENSG00000187531.14	SIRT7	chr17	-	81914293	81915512	81914293	81914702	81915439	81915512	772	621,818,768	94,141,105	339,311,375	134,114,107	886	149	4.13680201206e-12	2.3060790852683562e-10	0.526,0.494,0.552	0.298,0.314,0.371	0.196	87,164,137,38,51,77	98,133,201,67,60,74	436,521,430,234,200,224	94,141,105,134,114,107
773	ENSG00000187531.14	SIRT7	chr17	-	81917829	81918132	81917829	81917967	81918038	81918132	773	120,93,67	188,126,142	51,64,106	124,126,199	220	149	0.117931283498	0.2569845879210149	0.302,0.333,0.242	0.218,0.256,0.265	0.046	47,56,49,34,41,59	106,69,52,35,54,84	0,0,0,0,0,0	188,126,142,124,126,199
1393	ENSG00000131652.14	THOC6	chr16	+	3025707	3026288	3025707	3025823	3025923	3026288	1393	82,205,94	139,195,238	60,58,70	166,187,193	249	149	0.00135983672041	0.007090577184995	0.261,0.386,0.191	0.178,0.157,0.178	0.108	35,107,38,41,18,41	60,124,63,27,52,31	0,0,2,0,0,0	139,195,238,166,187,193
1394	ENSG00000131652.14	THOC6	chr16	+	3025923	3026166	3025923	3025988	3026062	3026166	1394	412,503,497	49,31,51	287,428,390	56,79,21	223	149	0.0482622973944	0.1264179443069033	0.849,0.916,0.867	0.774,0.784,0.925	0.05	263,342,334,165,271,250	293,335,356,204,328,252	0,0,0,0,0,0	49,31,51,56,79,21
1395	ENSG00000131652.14	THOC6	chr16	+	3025923	3026288	3025923	3025988	3026250	3026288	1395	968,1065,1162	0,4,0	667,953,925	10,0,5	411	149	0.428667222537	0.6563264440941033	1.0,0.99,1.0	0.96,1.0,0.985	0.015	263,342,334,165,271,250	450,450,541,298,449,438	255,273,287,204,233,237	0,4,0,10,0,5
1396	ENSG00000131652.14	THOC6	chr16	+	3025923	3026288	3025923	3026166	3026250	3026288	1396	656,626,768	132,168,161	449,621,604	74,136,92	233	149	0.0448990551042	0.1192382009090318	0.761,0.704,0.753	0.795,0.745,0.808	-0.043	424,396,446,271,367,373	450,450,541,298,449,438	2,2,0,0,0,12	132,168,161,74,136,92
1824	ENSG00000161996.19	WDR90	chr16	+	653745	655147	653745	653803	655028	655147	1824	1457,1175,1299	77,75,90	883,1018,1022	76,54,59	1374	149	0.755357648274	0.9554152432376584	0.672,0.629,0.61	0.558,0.672,0.653	0.009	72,57,57,60,58,70	206,187,104,111,155,123	1179,931,1138,712,805,829	77,75,90,76,54,59
1825	ENSG00000161996.19	WDR90	chr16	+	655057	655468	655057	655147	655306	655468	1825	75,102,94	205,138,123	37,57,36	152,144,142	308	149	3.88164578549e-05	0.0003628392066558	0.15,0.263,0.27	0.105,0.161,0.109	0.103	24,47,33,21,18,23	40,54,61,16,29,12	11,1,0,0,10,1	205,138,123,152,144,142
1826	ENSG00000161996.19	WDR90	chr16	+	655772	656537	655772	655885	656301	656537	1826	358,337,323	31,10,5	340,335,366	11,26,33	565	149	0.0843158020197	0.1978525760923987	0.753,0.899,0.945	0.891,0.773,0.745	0.063	51,52,84,75,115,65	117,78,70,54,47,64	190,207,169,211,173,237	31,10,5,11,26,33
1827	ENSG00000161996.19	WDR90	chr16	+	655772	656537	655772	655889	656301	656537	1827	355,336,321	68,54,18	340,335,366	53,50,50	561	149	0.524303509884	0.7538169103420136	0.581,0.623,0.826	0.63,0.64,0.66	0.033	53,51,82,79,115,65	117,78,70,54,47,64	185,207,169,207,173,237	68,54,18,53,50,50
1828	ENSG00000161996.19	WDR90	chr16	+	666454	666792	666454	666598	666672	666792	1828	326,378,512	503,554,599	231,310,320	438,539,609	223	149	0.00333009333982	0.0148273507688083	0.302,0.313,0.364	0.261,0.278,0.26	0.06	215,245,345,132,210,202	204,320,357,175,194,225	0,0,0,0,0,0	503,554,599,438,539,609
2174	ENSG00000139641.13	ESYT1	chr12	+	56131039	56131316	56131039	56131113	56131243	56131316	2174	16,23,14	126,123,138	21,34,47	58,46,104	279	149	2.28393204349e-09	7.182087841374707e-08	0.064,0.091,0.051	0.162,0.283,0.194	-0.144	9,19,6,13,9,17	7,4,8,8,25,30	0,0,0,0,0,0	126,123,138,58,46,104
2920	ENSG00000165792.18	METTL17	chr14	+	20990229	20990598	20990229	20990383	20990463	20990598	2920	142,117,145	254,218,261	59,74,65	165,243,217	229	149	2.05712668726e-05	0.0002120050562399	0.267,0.259,0.266	0.189,0.165,0.163	0.092	94,54,49,34,37,23	72,84,106,36,38,50	0,0,0,0,0,0	254,218,261,165,243,217
2921	ENSG00000165792.18	METTL17	chr14	+	20993117	20994063	20993117	20993191	20993968	20994063	2921	1335,1202,1308	263,308,347	507,551,675	197,323,346	926	149	3.70814490225e-13	2.5839027887042044e-11	0.45,0.386,0.378	0.293,0.215,0.239	0.156	180,224,279,86,76,164	402,373,331,113,202,180	753,605,698,308,273,331	263,308,347,197,323,346
2922	ENSG00000165792.18	METTL17	chr14	+	20994793	20995233	20994793	20994901	20995164	20995233	2922	1126,1124,1248	158,159,179	688,764,1025	117,142,213	412	149	0.00781025238733	0.029096274385849	0.72,0.719,0.716	0.68,0.661,0.635	0.06	357,381,431,271,293,336	398,427,427,204,283,331	371,316,390,213,188,358	158,159,179,117,142,213
2923	ENSG00000165792.18	METTL17	chr14	+	20995900	20996292	20995900	20995951	20996208	20996292	2923	760,678,696	552,550,470	214,276,337	444,469,608	406	149	0.0	0.0	0.336,0.311,0.352	0.15,0.178,0.169	0.167	263,264,293,77,125,103	148,181,167,54,62,95	349,233,236,83,89,139	552,550,470,444,469,608
3099	ENSG00000011243.19	AKAP8L	chr19	-	15397713	15398766	15397713	15397855	15398629	15398766	3099	698,702,753	97,89,59	469,494,517	62,80,138	923	149	0.0144553231432	0.0477586430571672	0.537,0.56,0.673	0.55,0.499,0.377	0.115	164,169,154,86,73,114	82,129,89,56,82,74	452,404,510,327,339,329	97,89,59,62,80,138
3100	ENSG00000011243.19	AKAP8L	chr19	-	15397713	15399410	15397713	15397855	15399301	15399410	3100	1355,1556,1594	41,56,64	1030,1043,1003	25,13,31	1595	149	0.00851964285204	0.0313016476744812	0.755,0.722,0.699	0.794,0.882,0.751	-0.084	164,169,154,86,73,114	268,258,327,152,155,172	923,1129,1113,792,815,717	41,56,64,25,13,31
3101	ENSG00000011243.19	AKAP8L	chr19	-	15397713	15399410	15397713	15398766	15399301	15399410	3101	667,840,843	49,25,44	552,551,491	55,57,63	684	149	2.32921078502e-06	3.231384736140869e-05	0.748,0.88,0.807	0.686,0.678,0.629	0.147	101,78,66,91,99,64	268,258,327,152,155,172	298,504,450,309,297,255	49,25,44,55,57,63
3102	ENSG00000011243.19	AKAP8L	chr19	-	15398629	15399410	15398629	15398703	15399301	15399410	3102	721,962,906	3,8,2	609,610,548	4,6,13	747	149	0.00501926334528	0.0204914266533002	0.98,0.96,0.989	0.968,0.953,0.894	0.038	101,155,98,110,99,89	268,258,327,152,155,172	352,549,481,347,356,287	3,8,2,4,6,13
3103	ENSG00000011243.19	AKAP8L	chr19	-	15398629	15399410	15398629	15398731	15399301	15399410	3103	694,904,880	1,0,1	586,583,511	0,0,0	719	149	1.0	1.0	0.993,1.0,0.995	1.0,1.0,1.0	-0.004	89,132,80,103,83,60	268,258,327,152,155,172	337,514,473,331,345,279	1,0,1,0,0,0
3104	ENSG00000011243.19	AKAP8L	chr19	-	15397713	15400358	15397713	15399410	15400294	15400358	3104	1033,1160,1121	251,222,276	1325,1128,1416	85,115,169	1033	149	5.59747803663e-10	2.0190432541538328e-08	0.373,0.43,0.369	0.692,0.586,0.547	-0.218	109,143,164,128,121,144	281,291,260,401,295,424	643,726,697,796,712,848	251,222,276,85,115,169
3105	ENSG00000011243.19	AKAP8L	chr19	-	15397713	15400358	15397713	15399984	15400294	15400358	3105	564,534,479	0,0,0	772,632,732	5,1,0	459	149	1.0	1.0	1.0,1.0,1.0	0.98,0.995,1.0	0.008	135,79,81,162,172,105	281,291,260,401,295,424	148,164,138,209,165,203	0,0,0,5,1,0
3106	ENSG00000011243.19	AKAP8L	chr19	-	15397713	15400864	15397713	15400358	15400793	15400864	3106	20,18,35	356,266,321	38,13,25	265,352,266	584	149	0.576897438858	0.8048999078674076	0.014,0.017,0.027	0.035,0.009,0.023	-0.003	0,0,3,15,0,4	5,1,15,10,3,18	15,17,17,13,10,3	356,266,321,265,352,266
3107	ENSG00000011243.19	AKAP8L	chr19	-	15401149	15403715	15401149	15401603	15403474	15403715	3107	404,416,446	296,263,235	551,621,658	203,256,310	2020	149	7.9225122431e-05	0.0006645806439765	0.091,0.104,0.123	0.167,0.152,0.135	-0.045	23,1,24,46,45,42	10,2,3,31,11,24	371,413,419,474,565,592	296,263,235,203,256,310
3108	ENSG00000011243.19	AKAP8L	chr19	-	15403474	15403715	15403474	15403555	15403652	15403715	3108	505,580,498	14,0,0	480,415,467	6,10,0	246	149	0.458000751188	0.6876739976211597	0.956,1.0,1.0	0.98,0.962,1.0	0.005	304,326,338,300,258,295	274,345,285,273,222,262	0,0,0,0,2,0	14,0,0,6,10,0
3109	ENSG00000011243.19	AKAP8L	chr19	-	15401149	15403715	15401149	15401603	15403657	15403715	3109	823,939,853	4,0,10	924,931,1015	2,0,4	2203	149	0.0246212774316	0.073671881707683	0.933,1.0,0.852	0.969,1.0,0.945	-0.043	23,1,24,46,45,42	274,369,288,278,236,269	526,569,541,600,650,704	4,0,10,2,0,4
3110	ENSG00000011243.19	AKAP8L	chr19	-	15403474	15403715	15403474	15403555	15403657	15403715	3110	508,604,506	62,87,78	489,431,477	78,104,137	251	149	0.000655837442961	0.0039466096175042	0.829,0.805,0.794	0.788,0.711,0.674	0.085	304,326,338,300,258,295	274,369,288,278,236,269	0,0,0,0,2,0	62,87,78,78,104,137
3111	ENSG00000011243.19	AKAP8L	chr19	-	15403474	15404042	15403474	15403555	15404009	15404042	3111	524,517,469	23,3,9	484,435,459	12,8,5	603	149	0.372807128585	0.5942431277575305	0.849,0.977,0.928	0.909,0.931,0.958	-0.015	304,326,338,300,258,295	95,105,50,106,81,70	125,86,81,78,96,94	23,3,9,12,8,5
3112	ENSG00000011243.19	AKAP8L	chr19	-	15403474	15404042	15403474	15403715	15404009	15404042	3112	192,159,125	301,446,369	177,166,150	351,382,457	443	149	0.814970587164	1.0	0.177,0.107,0.102	0.145,0.128,0.099	0.005	40,28,29,37,32,35	95,105,50,106,81,70	57,26,46,34,53,45	301,446,369,351,382,457
3848	ENSG00000163516.14	ANKZF1	chr2	+	219233078	219233433	219233078	219233191	219233285	219233433	3848	118,128,145	55,74,67	26,47,42	13,24,44	243	149	0.210029761666	0.3950621161153104	0.568,0.515,0.57	0.551,0.546,0.369	0.062	44,46,46,6,31,23	81,112,110,20,23,33	0,0,0,0,0,0	55,74,67,13,24,44
3849	ENSG00000163516.14	ANKZF1	chr2	+	219234132	219235312	219234132	219234288	219234825	219235312	3849	636,778,928	127,110,194	224,224,289	41,73,104	686	149	0.0143142052067	0.0473434230461081	0.521,0.606,0.51	0.543,0.4,0.376	0.106	73,94,225,31,24,61	176,243,268,69,66,78	387,441,435,124,134,150	127,110,194,41,73,104
3850	ENSG00000163516.14	ANKZF1	chr2	+	219236009	219236651	219236009	219236095	219236321	219236651	3850	280,324,286	135,175,235	49,115,95	59,57,89	375	149	0.146734031811	0.3011288765277952	0.452,0.424,0.326	0.248,0.445,0.298	0.07	44,45,64,11,12,28	108,91,90,8,22,20	128,188,132,30,81,47	135,175,235,59,57,89
4468	ENSG00000172613.8	RAD9A	chr11	+	67395911	67396175	67395911	67396021	67396110	67396175	4468	45,34,49	105,110,64	6,18,21	55,106,51	238	149	0.00138708201427	0.0072142382625136	0.212,0.162,0.324	0.064,0.096,0.205	0.111	35,12,27,2,12,21	16,18,28,6,10,1	0,4,0,0,0,0	105,110,64,55,106,51
4944	ENSG00000197858.12	GPAA1	chr8	+	144083123	144083861	144083123	144083303	144083388	144083861	4944	115,88,85	292,366,331	41,58,52	218,262,288	234	149	0.00354404168814	0.0155657716896352	0.2,0.133,0.141	0.107,0.124,0.103	0.047	24,46,31,13,44,23	96,45,68,28,18,38	0,0,0,0,0,0	292,366,331,218,262,288
4945	ENSG00000197858.12	GPAA1	chr8	+	144083388	144083861	144083388	144083424	144083713	144083861	4945	1362,1408,1190	0,0,0	683,917,1006	0,0,1	438	149	1.0	1.0	1.0,1.0,1.0	1.0,1.0,0.997	0.001	447,385,403,227,260,302	763,829,651,403,535,577	152,194,136,53,122,127	0,0,0,0,0,1
4946	ENSG00000197858.12	GPAA1	chr8	+	144083388	144083861	144083388	144083500	144083713	144083861	4946	1047,1177,895	34,87,74	519,755,801	61,62,56	362	149	0.0170907201805	0.0549555826674494	0.927,0.848,0.833	0.778,0.834,0.855	0.047	170,228,152,72,119,133	763,829,651,403,535,577	114,120,92,44,101,91	34,87,74,61,62,56
4947	ENSG00000197858.12	GPAA1	chr8	+	144083388	144083861	144083388	144083516	144083713	144083861	4947	985,1135,848	2,0,0	490,712,759	0,0,0	346	149	1.0	1.0	0.995,1.0,1.0	1.0,1.0,1.0	-0.002	108,186,118,45,79,94	763,829,651,403,535,577	114,120,79,42,98,88	2,0,0,0,0,0
4948	ENSG00000197858.12	GPAA1	chr8	+	144083123	144083861	144083123	144083303	144083817	144083861	4948	1448,1540,1313	0,0,8	734,1027,1105	0,0,0	663	149	0.894076860342	1.0	1.0,1.0,0.974	1.0,1.0,1.0	-0.009	24,46,31,13,44,23	423,396,455,268,319,336	1001,1098,827,453,664,746	0,0,8,0,0,0
4950	ENSG00000197858.12	GPAA1	chr8	+	144083938	144084609	144083938	144084040	144084133	144084609	4950	131,232,211	418,402,419	130,154,104	403,438,415	242	149	0.00145510731308	0.0075221369497295	0.162,0.262,0.237	0.166,0.178,0.134	0.061	96,136,111,94,83,60	72,146,133,66,81,63	0,0,0,0,0,0	418,402,419,403,438,415
4951	ENSG00000197858.12	GPAA1	chr8	+	144083938	144084609	144083938	144084040	144084412	144084609	4951	678,961,922	2,0,5	475,664,542	0,2,3	521	149	1.0	1.0	0.99,1.0,0.981	1.0,0.99,0.981	0.0	96,136,111,94,83,60	249,336,309,79,128,209	333,489,502,302,453,273	2,0,5,0,2,3
4952	ENSG00000197858.12	GPAA1	chr8	+	144084133	144084609	144084133	144084330	144084412	144084609	4952	335,496,486	131,157,131	171,245,290	121,124,168	231	149	5.68464445738e-07	9.5502026883984e-06	0.623,0.671,0.705	0.477,0.56,0.527	0.145	126,239,224,104,138,121	249,336,309,79,128,209	0,0,0,0,0,0	131,157,131,121,124,168
4953	ENSG00000197858.12	GPAA1	chr8	+	144084133	144084609	144084133	144084330	144084418	144084609	4953	336,496,497	0,0,0	178,251,296	0,0,4	237	149	1.0	1.0	1.0,1.0,1.0	1.0,1.0,0.979	0.007	126,239,224,104,138,121	240,315,304,86,133,204	0,0,0,0,0,0	0,0,0,0,0,4
4954	ENSG00000197858.12	GPAA1	chr8	+	144084133	144084609	144084133	144084330	144084454	144084609	4954	401,604,587	0,18,2	238,322,395	2,3,6	273	149	0.813467230491	1.0	1.0,0.948,0.994	0.985,0.983,0.973	0.0	126,239,224,104,138,121	273,380,375,136,195,282	10,0,0,0,0,0	0,18,2,2,3,6
4955	ENSG00000197858.12	GPAA1	chr8	+	144084133	144085743	144084133	144084609	144084721	144085743	4955	121,113,152	336,418,411	73,103,77	175,176,356	261	149	0.452870522574	0.6820852033098006	0.171,0.134,0.174	0.192,0.25,0.11	-0.024	54,41,58,26,61,27	73,81,104,52,39,49	4,0,0,0,8,7	336,418,411,175,176,356
4956	ENSG00000197858.12	GPAA1	chr8	+	144084721	144085138	144084721	144084875	144085042	144085138	4956	662,723,746	192,177,225	365,489,646	124,144,172	316	149	0.568794379256	0.7972952303345281	0.619,0.658,0.61	0.581,0.616,0.639	0.017	292,359,328,175,209,297	292,335,380,159,229,303	78,29,38,31,51,46	192,177,225,124,144,172
4958	ENSG00000197858.12	GPAA1	chr8	+	144084721	144085479	144084721	144085138	144085288	144085479	4958	639,629,820	196,165,216	421,550,591	132,167,184	299	149	0.303905274582	0.5128087902412835	0.619,0.655,0.654	0.614,0.621,0.615	0.026	377,310,396,207,242,336	245,300,394,207,271,237	17,19,30,7,37,18	196,165,216,132,167,184
4959	ENSG00000197858.12	GPAA1	chr8	+	144085042	144085479	144085042	144085138	144085333	144085479	4959	790,794,1003	7,15,16	485,665,738	2,14,24	344	149	0.153823936886	0.3120239434286973	0.98,0.958,0.964	0.991,0.954,0.93	0.009	377,310,396,207,242,336	346,396,523,223,296,313	67,88,84,55,127,89	7,15,16,2,14,24
4960	ENSG00000197858.12	GPAA1	chr8	+	144085042	144085479	144085042	144085138	144085364	144085479	4960	893,958,1117	0,0,0	550,760,865	0,3,0	375	149	1.0	1.0	1.0,1.0,1.0	1.0,0.99,1.0	0.003	377,310,396,207,242,336	412,490,524,243,342,410	104,158,197,100,176,119	0,0,0,0,3,0
4961	ENSG00000197858.12	GPAA1	chr8	+	144085042	144085479	144085042	144085138	144085448	144085479	4961	1075,1127,1320	0,2,3	649,901,1048	0,2,0	459	149	1.0	1.0	1.0,0.995,0.993	1.0,0.993,1.0	-0.002	377,310,396,207,242,336	390,458,439,202,296,411	308,359,485,240,363,301	0,2,3,0,2,0
4962	ENSG00000197858.12	GPAA1	chr8	+	144085288	144085743	144085288	144085479	144085557	144085743	4962	335,360,360	23,2,0	230,273,360	10,0,4	227	149	0.205965170326	0.3891625601837708	0.905,0.992,1.0	0.938,1.0,0.983	-0.008	187,226,195,110,153,173	218,176,230,147,164,241	0,0,0,0,0,0	23,2,0,10,0,4
4963	ENSG00000197858.12	GPAA1	chr8	+	144084721	144085743	144084721	144085479	144085572	144085743	4963	393,420,419	142,189,221	251,326,425	88,155,169	242	149	0.486678279821	0.7172100965783157	0.63,0.578,0.539	0.637,0.564,0.608	-0.021	187,226,195,110,153,173	249,221,278,161,208,292	0,0,0,6,0,0	142,189,221,88,155,169
4964	ENSG00000197858.12	GPAA1	chr8	+	144085042	144085743	144085042	144085138	144085572	144085743	4964	1202,1212,1416	10,15,16	736,982,1188	11,20,29	583	149	0.00262218963857	0.0121444613774254	0.968,0.954,0.958	0.945,0.926,0.913	0.032	377,310,396,207,242,336	249,221,278,161,208,292	576,681,742,368,532,560	10,15,16,11,20,29
4965	ENSG00000197858.12	GPAA1	chr8	+	144085572	144086216	144085572	144085743	144085881	144086216	4965	174,125,136	318,394,313	93,133,92	195,239,332	287	149	0.913818969688	1.0	0.221,0.141,0.184	0.198,0.224,0.126	-0.001	120,74,66,46,60,50	54,51,59,47,71,32	10,0,14,0,10,16	318,394,313,195,239,332
4989	ENSG00000115317.13	HTRA2	chr2	+	74530910	74531371	74530910	74531105	74531338	74531371	4989	140,104,176	35,58,32	70,52,38	11,29,45	382	149	0.260525003655	0.4623225990660764	0.609,0.412,0.682	0.713,0.412,0.248	0.11	37,29,42,18,13,6	53,51,41,29,13,19	50,24,93,23,26,13	35,58,32,11,29,45
4992	ENSG00000115317.13	HTRA2	chr2	+	74531338	74531702	74531338	74531371	74531596	74531702	4992	141,103,107	17,42,27	36,24,20	7,41,33	374	149	0.0094285890106	0.0341269288885027	0.768,0.494,0.612	0.672,0.189,0.194	0.273	56,52,48,25,7,3	52,30,35,2,6,5	33,21,24,9,11,12	17,42,27,7,41,33
4993	ENSG00000115317.13	HTRA2	chr2	+	74531338	74531702	74531338	74531411	74531596	74531702	4993	112,76,81	0,0,2	34,23,19	0,0,0	334	149	1.0	1.0	1.0,1.0,0.948	1.0,1.0,1.0	-0.017	50,45,37,32,9,9	52,30,35,2,6,5	10,1,9,0,8,5	0,0,2,0,0,0
4994	ENSG00000115317.13	HTRA2	chr2	+	74530910	74531925	74530910	74531702	74531855	74531925	4994	48,80,106	73,94,74	13,4,32	31,54,43	302	149	0.000418264368337	0.002734325273606	0.245,0.296,0.414	0.171,0.035,0.269	0.16	15,38,35,3,1,19	33,42,59,10,3,13	0,0,12,0,0,0	73,94,74,31,54,43
5258	ENSG00000221829.11	FANCG	chr9	-	35074370	35075325	35074370	35074494	35074926	35075325	5258	1105,1431,1805	262,259,248	402,740,774	112,123,159	581	149	0.316342792682	0.527123370849463	0.52,0.586,0.651	0.479,0.607,0.555	0.039	393,428,641,125,274,231	282,424,411,103,189,176	430,579,753,174,277,367	262,259,248,112,123,159
5259	ENSG00000221829.11	FANCG	chr9	-	35074370	35075325	35074370	35074462	35075278	35075325	5259	1746,1963,2585	0,0,1	655,1145,1212	0,0,1	965	149	1.0	1.0	1.0,1.0,0.998	1.0,1.0,0.995	0.001	363,315,467,136,231,208	171,169,231,70,121,95	1212,1479,1887,449,793,909	0,0,1,0,0,1
5260	ENSG00000221829.11	FANCG	chr9	-	35074926	35075325	35074926	35075076	35075278	35075325	5260	516,452,640	0,4,6	184,325,345	0,0,1	351	149	0.745364952385	0.9482884507602491	1.0,0.98,0.978	1.0,1.0,0.993	-0.012	265,203,279,88,142,172	171,169,231,70,121,95	80,80,130,26,62,78	0,4,6,0,0,1
5261	ENSG00000221829.11	FANCG	chr9	-	35074926	35075325	35074926	35075082	35075278	35075325	5261	477,440,619	143,257,220	179,309,334	69,138,132	345	149	0.846737276826	1.0	0.59,0.425,0.549	0.528,0.492,0.522	0.007	227,191,269,85,136,162	171,169,231,70,121,95	79,80,119,24,52,77	143,257,220,69,138,132
5262	ENSG00000221829.11	FANCG	chr9	-	35075464	35076028	35075464	35075729	35075961	35076028	5262	499,739,676	37,23,23	111,298,249	10,22,31	381	149	0.000141028292459	0.0010960525847383	0.841,0.926,0.92	0.813,0.841,0.759	0.091	78,120,146,17,62,36	88,158,140,24,35,36	333,461,390,70,201,177	37,23,23,10,22,31
5263	ENSG00000221829.11	FANCG	chr9	-	35075464	35076028	35075464	35075754	35075961	35076028	5263	485,706,615	33,34,16	105,283,238	23,16,11	356	149	0.0349051920443	0.0985898837474194	0.86,0.897,0.941	0.656,0.881,0.901	0.087	124,127,128,16,75,53	88,158,140,24,35,36	273,421,347,65,173,149	33,34,16,23,16,11
5264	ENSG00000221829.11	FANCG	chr9	-	35075464	35076583	35075464	35075729	35076431	35076583	5264	1033,1315,1314	2,1,5	310,505,631	2,14,0	851	149	0.000217842642063	0.0015672142435814	0.989,0.996,0.979	0.964,0.863,1.0	0.046	78,120,146,17,62,36	74,106,112,12,31,43	881,1089,1056,281,412,552	2,1,5,2,14,0
5265	ENSG00000221829.11	FANCG	chr9	-	35075464	35076583	35075464	35075754	35076431	35076583	5265	1019,1282,1253	0,0,4	304,490,620	1,6,1	826	149	0.191030311031	0.3682483078409594	1.0,1.0,0.983	0.982,0.936,0.991	0.025	124,127,128,16,75,53	74,106,112,12,31,43	821,1049,1013,276,384,524	0,0,4,1,6,1
5266	ENSG00000221829.11	FANCG	chr9	-	35075464	35076583	35075464	35075754	35076449	35076583	5266	1069,1298,1332	0,0,0	311,523,646	0,0,1	844	149	1.0	1.0	1.0,1.0,1.0	1.0,1.0,0.991	0.003	124,127,128,16,75,53	119,107,178,19,64,69	826,1064,1026,276,384,524	0,0,0,0,0,1
5267	ENSG00000221829.11	FANCG	chr9	-	35075464	35076583	35075464	35076028	35076449	35076583	5267	645,669,811	12,7,10	220,260,432	14,9,15	570	149	2.73210674989e-05	0.0002710886503288	0.934,0.962,0.955	0.804,0.883,0.883	0.094	78,126,153,20,27,61	119,107,178,19,64,69	448,436,480,181,169,302	12,7,10,14,9,15
5268	ENSG00000221829.11	FANCG	chr9	-	35076723	35077101	35076723	35076870	35076970	35077101	5268	242,139,235	109,97,93	38,103,72	46,62,119	249	149	0.00158003987631	0.0080563185861688	0.571,0.462,0.602	0.331,0.499,0.266	0.18	132,87,161,19,66,38	131,78,113,19,62,48	0,0,0,0,0,0	109,97,93,46,62,119
5270	ENSG00000221829.11	FANCG	chr9	-	35077263	35078343	35077263	35077399	35078140	35078343	5270	830,858,866	55,95,61	276,450,378	14,34,64	890	149	0.684331857621	0.8979933556456178	0.716,0.602,0.704	0.767,0.689,0.497	0.023	190,157,155,58,77,50	101,106,85,29,51,37	539,595,626,189,322,291	55,95,61,14,34,64
5271	ENSG00000221829.11	FANCG	chr9	-	35077263	35078736	35077263	35077399	35078604	35078736	5271	1205,1201,1314	16,26,13	395,592,473	2,5,32	1354	149	0.518205607264	0.7482073896262886	0.892,0.836,0.918	0.956,0.929,0.619	0.047	190,157,155,58,77,50	108,52,96,10,18,21	907,992,1063,327,497,402	16,26,13,2,5,32
5272	ENSG00000221829.11	FANCG	chr9	-	35077263	35078736	35077263	35078343	35078604	35078736	5272	315,258,329	108,121,183	85,89,72	86,64,72	410	149	6.06357501642e-06	7.390861834703167e-05	0.515,0.437,0.395	0.264,0.336,0.267	0.16	131,127,58,20,12,12	108,52,96,10,18,21	76,79,175,55,59,39	108,121,183,86,64,72
5273	ENSG00000221829.11	FANCG	chr9	-	35079440	35079942	35079440	35079535	35079730	35079942	5273	243,242,205	14,17,12	135,197,202	10,8,12	344	149	0.627250544713	0.8496499915806363	0.883,0.86,0.881	0.854,0.914,0.879	-0.008	150,127,126,81,131,104	67,66,38,24,39,59	26,49,41,30,27,39	14,17,12,10,8,12
5659	ENSG00000143303.12	METTL25B	chr1	+	156731990	156732473	156731990	156732115	156732280	156732473	5659	49,11,32	0,7,4	79,53,97	0,0,0	314	149	6.26892985833e-06	7.567141317181016e-05	1.0,0.427,0.792	1.0,1.0,1.0	-0.26	17,5,22,34,33,47	28,6,6,26,11,45	4,0,4,19,9,5	0,7,4,0,0,0
6406	ENSG00000167671.12	UBXN6	chr19	-	4446048	4446413	4446048	4446197	4446282	4446413	6406	77,142,109	38,48,35	20,42,32	38,39,38	234	149	5.98554823483e-08	1.2744229783325544e-06	0.563,0.653,0.665	0.251,0.407,0.349	0.291	54,57,38,17,20,22	44,106,95,7,34,16	0,14,0,0,0,0	38,48,35,38,39,38
6407	ENSG00000167671.12	UBXN6	chr19	-	4446499	4446920	4446499	4446719	4446835	4446920	6407	123,103,79	64,64,102	45,71,75	39,27,50	265	149	0.438777514782	0.6678043486332151	0.519,0.475,0.303	0.393,0.597,0.458	-0.05	52,74,39,17,28,22	81,29,41,31,44,55	0,0,0,0,0,0	64,64,102,39,27,50
6517	ENSG00000100099.22	HPS4	chr22	-	26463916	26466262	26463916	26464826	26465454	26466262	6517	35,75,32	69,107,46	7,4,10	36,30,54	777	149	5.62424298245e-08	1.2186522250312156e-06	0.089,0.118,0.118	0.036,0.025,0.034	0.077	15,5,8,0,0,0	4,1,0,0,1,2	16,69,24,7,3,8	69,107,46,36,30,54
6519	ENSG00000100099.22	HPS4	chr22	-	26465454	26466262	26465454	26465551	26466225	26466262	6519	245,304,258	0,4,1	180,169,174	2,0,0	823	149	0.852819779811	1.0	1.0,0.932,0.979	0.942,1.0,1.0	-0.01	75,67,56,45,30,26	23,35,37,17,32,26	147,202,165,118,107,122	0,4,1,2,0,0
6520	ENSG00000100099.22	HPS4	chr22	-	26466225	26468623	26466225	26466262	26468550	26468623	6520	421,303,303	15,23,27	269,226,361	29,16,6	2437	149	0.69551691208	0.908393973349214	0.632,0.446,0.407	0.362,0.463,0.786	-0.042	32,24,14,11,15,22	15,0,29,4,7,12	374,279,260,254,204,327	15,23,27,29,16,6
6521	ENSG00000100099.22	HPS4	chr22	-	26470689	26472939	26470689	26472418	26472831	26472939	6521	4,0,2	49,45,47	27,8,5	21,26,35	562	149	5.65838176314e-09	1.6138231149569525e-07	0.021,0.0,0.011	0.254,0.075,0.036	-0.111	0,0,1,10,0,1	3,0,0,3,5,0	1,0,1,14,3,4	49,45,47,21,26,35
6690	ENSG00000119688.21	ABCD4	chr14	-	74292747	74293248	74292747	74292869	74293153	74293248	6690	368,348,328	46,47,85	103,164,190	38,52,60	433	149	0.000369803563478	0.0024648211426598	0.734,0.718,0.57	0.483,0.52,0.521	0.166	201,174,127,52,73,45	89,78,147,37,46,89	78,96,54,14,45,56	46,47,85,38,52,60
6691	ENSG00000119688.21	ABCD4	chr14	-	74296332	74298069	74296332	74296449	74297638	74298069	6691	522,396,420	28,17,30	150,223,262	9,23,14	1338	149	0.323459436264	0.5356390630531506	0.675,0.722,0.609	0.65,0.519,0.676	0.054	47,19,17,12,18,22	17,24,30,14,19,11	458,353,373,124,186,229	28,17,30,9,23,14
6692	ENSG00000119688.21	ABCD4	chr14	-	74296332	74298069	74296332	74296449	74297929	74298069	6692	644,531,510	43,56,50	203,322,352	34,15,38	1629	149	0.749758711048	0.950490059157812	0.578,0.464,0.483	0.353,0.663,0.459	0.017	47,19,17,12,18,22	69,74,21,25,55,47	528,438,472,166,249,283	43,56,50,34,15,38
7225	ENSG00000168096.15	ANKS3	chr16	-	4701433	4702242	4701433	4701543	4702101	4702242	7225	97,118,76	4,29,46	44,52,43	25,24,51	707	149	0.0112758735054	0.0392638593612224	0.836,0.462,0.258	0.271,0.313,0.151	0.274	11,34,27,4,16,5	16,26,5,8,9,2	70,58,44,32,27,36	4,29,46,25,24,51
7372	ENSG00000197912.16	SPG7	chr16	+	89529476	89530808	89529476	89529579	89530682	89530808	7372	483,538,406	44,86,95	251,330,334	78,86,127	1252	149	0.00042105309176	0.0027496246631228	0.566,0.427,0.337	0.277,0.314,0.238	0.167	109,66,86,34,55,39	55,43,53,34,83,63	319,429,267,183,192,232	44,86,95,78,86,127
7374	ENSG00000197912.16	SPG7	chr16	+	89530682	89532066	89530682	89530808	89531903	89532066	7374	417,402,353	288,293,295	274,258,194	142,294,311	1244	149	0.0267716975654	0.0791152045643531	0.148,0.141,0.125	0.188,0.095,0.07	0.02	75,51,35,58,53,36	38,10,42,11,7,9	304,341,276,205,198,149	288,293,295,142,294,311
7375	ENSG00000197912.16	SPG7	chr16	+	89530682	89532066	89530682	89530808	89531924	89532066	7375	438,416,375	2,3,0	290,278,217	0,4,1	1265	149	0.746103003966	0.9482884507602491	0.963,0.942,1.0	1.0,0.891,0.962	0.017	75,51,35,58,53,36	44,15,46,26,25,28	319,350,294,206,200,153	2,3,0,0,4,1
7376	ENSG00000197912.16	SPG7	chr16	+	89540943	89541346	89540943	89541027	89541152	89541346	7376	223,190,404	9,14,19	241,230,254	3,3,16	274	149	0.0378596505142	0.10448036766565	0.931,0.881,0.92	0.978,0.977,0.896	-0.04	108,100,210,124,89,147	128,93,237,133,156,141	2,0,11,4,1,4	9,14,19,3,3,16
7377	ENSG00000197912.16	SPG7	chr16	+	89540943	89542279	89540943	89540977	89541152	89542279	7377	248,220,431	0,0,0	258,262,292	0,6,3	324	149	0.33750760657	0.5516736296319403	1.0,1.0,1.0	1.0,0.953,0.978	0.023	107,105,160,94,78,123	128,93,237,133,156,141	13,22,34,31,28,28	0,0,0,0,6,3
7378	ENSG00000197912.16	SPG7	chr16	+	89540943	89542279	89540943	89541027	89541201	89542279	7378	316,301,472	8,1,0	321,280,355	6,1,1	323	149	0.943430317947	1.0	0.948,0.993,1.0	0.961,0.992,0.994	-0.002	108,100,210,124,89,147	189,182,195,150,150,169	19,19,67,47,41,39	8,1,0,6,1,1
7379	ENSG00000197912.16	SPG7	chr16	+	89545871	89546181	89545871	89546030	89546131	89546181	7379	37,35,26	2,0,0	34,33,40	0,0,3	250	149	0.84156967722	1.0	0.917,1.0,1.0	1.0,1.0,0.888	0.01	19,18,13,19,16,29	18,17,13,15,16,11	0,0,0,0,1,0	2,0,0,0,0,3
7382	ENSG00000197912.16	SPG7	chr16	+	89545871	89546760	89545871	89546030	89546657	89546760	7382	121,52,111	0,3,3	85,142,156	0,2,14	776	149	0.205658893349	0.3887485616572342	1.0,0.769,0.877	1.0,0.932,0.681	0.011	19,18,13,19,16,29	43,9,36,30,31,35	59,25,62,36,95,92	0,3,3,0,2,14
7383	ENSG00000197912.16	SPG7	chr16	+	89545871	89546760	89545871	89546181	89546657	89546760	7383	102,34,88	0,17,1	66,125,127	15,3,10	625	149	0.262728884108	0.4635829322287456	1.0,0.323,0.955	0.512,0.909,0.752	0.035	34,9,9,11,47,35	43,9,36,30,31,35	25,16,43,25,47,57	0,17,1,15,3,10
7384	ENSG00000197912.16	SPG7	chr16	+	89554485	89556085	89554485	89554563	89555877	89556085	7384	438,450,344	2,1,0	264,416,450	5,5,4	1463	149	0.000239801167749	0.001696605026418	0.957,0.979,1.0	0.843,0.894,0.92	0.093	18,35,27,11,22,57	67,61,57,20,96,85	353,354,260,233,298,308	2,1,0,5,5,4
7386	ENSG00000197912.16	SPG7	chr16	+	89554485	89556085	89554485	89554563	89555958	89556085	7386	475,515,389	1,0,5	308,438,500	0,0,0	1544	149	0.213200006675	0.3987722635449768	0.979,1.0,0.882	1.0,1.0,1.0	-0.046	18,35,27,11,22,57	64,84,59,52,94,65	393,396,303,245,322,378	1,0,5,0,0,0
7387	ENSG00000197912.16	SPG7	chr16	+	89554485	89557747	89554485	89554563	89556886	89557747	7387	718,907,807	320,270,369	536,719,765	214,320,344	2472	149	0.352700244994	0.5720068506488252	0.119,0.168,0.116	0.131,0.119,0.118	0.012	18,35,27,11,22,57	39,81,37,23,16,36	661,791,743,502,681,672	320,270,369,214,320,344
7388	ENSG00000197912.16	SPG7	chr16	+	89554485	89557747	89554485	89556085	89556886	89557747	7388	246,397,424	5,41,23	226,274,258	23,31,38	950	149	0.00564620046583	0.0224238997775061	0.885,0.603,0.743	0.606,0.581,0.516	0.176	21,23,34,28,65,43	39,81,37,23,16,36	186,293,353,175,193,179	5,41,23,23,31,38
7389	ENSG00000197912.16	SPG7	chr16	+	89556886	89557747	89556886	89557173	89557271	89557747	7389	872,1039,1081	8,2,0	589,828,1001	0,8,6	247	149	1.0	1.0	0.985,0.997,1.0	1.0,0.984,0.99	0.003	581,652,696,388,546,607	489,596,608,346,401,572	0,0,0,0,8,4	8,2,0,0,8,6
7518	ENSG00000154222.15	CC2D1B	chr1	-	52355397	52355666	52355397	52355449	52355607	52355666	7518	85,97,125	155,168,155	94,105,90	61,93,179	307	149	0.0737657624414	0.1782236624470704	0.21,0.219,0.281	0.428,0.354,0.196	-0.089	54,71,69,39,49,63	21,20,33,35,39,14	10,6,23,20,17,13	155,168,155,61,93,179
7519	ENSG00000154222.15	CC2D1B	chr1	-	52357780	52358461	52357780	52357898	52358330	52358461	7519	284,324,316	46,56,26	148,169,194	40,37,79	581	149	0.000349440741258	0.0023443879927724	0.613,0.597,0.757	0.487,0.539,0.386	0.185	61,82,89,39,38,38	41,78,65,27,44,48	182,164,162,82,87,108	46,56,26,40,37,79
7520	ENSG00000154222.15	CC2D1B	chr1	-	52357780	52358461	52357780	52357916	52358330	52358461	7520	265,317,285	0,10,6	135,167,194	1,3,3	563	149	0.394214604368	0.6176095947839999	1.0,0.893,0.926	0.973,0.936,0.945	-0.012	42,81,63,26,36,38	41,78,65,27,44,48	182,158,157,82,87,108	0,10,6,1,3,3
7521	ENSG00000154222.15	CC2D1B	chr1	-	52360423	52361132	52360423	52360549	52360973	52361132	7521	99,154,170	142,169,148	57,64,99	132,138,166	573	149	6.22483637946e-06	7.543615944436506e-05	0.153,0.192,0.23	0.101,0.108,0.134	0.077	22,29,23,8,18,7	29,77,109,31,18,48	48,48,38,18,28,44	142,169,148,132,138,166
7818	ENSG00000214655.11	ZSWIM8	chr10	+	73791858	73792852	73791858	73792490	73792589	73792852	7818	352,329,508	2,0,6	326,353,387	4,12,5	248	149	0.00444446693518	0.0186412252028206	0.991,1.0,0.981	0.98,0.946,0.979	0.022	194,149,221,152,185,204	181,209,330,198,203,230	0,0,0,0,0,0	2,0,6,4,12,5
7819	ENSG00000214655.11	ZSWIM8	chr10	+	73794146	73794639	73794146	73794330	73794540	73794639	7819	476,544,401	92,200,128	286,428,344	56,70,100	359	149	0.0954154948343	0.2166991904903435	0.682,0.53,0.565	0.679,0.717,0.588	-0.069	187,175,158,114,130,121	200,277,175,111,186,147	89,92,68,61,112,76	92,200,128,56,70,100
7820	ENSG00000214655.11	ZSWIM8	chr10	+	73794146	73794639	73794146	73794330	73794555	73794639	7820	522,556,457	61,131,98	318,456,384	60,62,53	374	149	0.24149234273	0.4360942584235159	0.773,0.628,0.65	0.679,0.746,0.743	-0.039	187,175,158,114,130,121	232,287,219,123,203,180	103,94,80,81,123,83	61,131,98,60,62,53
7821	ENSG00000214655.11	ZSWIM8	chr10	+	73800639	73801195	73800639	73800759	73801016	73801195	7821	331,271,331	190,149,158	143,257,246	144,185,225	406	149	2.3362774051e-05	0.0002367942652574	0.39,0.4,0.435	0.267,0.338,0.286	0.111	64,56,27,18,30,62	188,159,207,89,169,132	79,56,97,36,58,52	190,149,158,144,185,225
7822	ENSG00000214655.11	ZSWIM8	chr10	+	73800639	73801195	73800639	73800759	73801084	73801195	7822	450,408,526	13,24,15	238,391,354	23,7,15	474	149	0.436794017732	0.6652306974588527	0.916,0.842,0.917	0.765,0.946,0.881	0.028	64,56,27,18,30,62	238,236,300,156,219,179	148,116,199,64,142,113	13,24,15,23,7,15
7930	ENSG00000035681.9	NSMAF	chr8	-	58585651	58586000	58585651	58585761	58585897	58586000	7930	152,227,182	206,369,391	80,83,124	213,361,382	285	149	2.58398870079e-08	5.912320415389656e-07	0.278,0.243,0.196	0.164,0.107,0.145	0.1	89,119,95,53,39,60	72,108,87,33,45,64	6,0,0,0,4,0	206,369,391,213,361,382
8035	ENSG00000068438.15	FTSJ1	chrX	+	48477960	48478518	48477960	48478168	48478448	48478518	8035	355,289,268	38,66,45	75,42,61	24,12,56	429	149	0.000540449485252	0.0033645038005738	0.764,0.603,0.674	0.52,0.549,0.274	0.233	136,70,97,9,14,22	91,76,61,29,5,19	128,143,110,37,23,20	38,66,45,24,12,56
8036	ENSG00000068438.15	FTSJ1	chrX	+	48481425	48481715	48481425	48481528	48481631	48481715	8036	62,97,131	55,49,73	12,24,13	17,39,52	252	149	9.23461321967e-07	1.4519653400773448e-05	0.4,0.539,0.515	0.294,0.267,0.129	0.255	30,41,39,4,0,0	43,63,106,11,24,13	0,0,0,0,0,0	55,49,73,17,39,52
8037	ENSG00000068438.15	FTSJ1	chrX	+	48482596	48483027	48482596	48482794	48482985	48483027	8037	214,299,179	56,87,98	30,56,36	10,49,50	340	149	0.0123996036944	0.0423118363127772	0.626,0.601,0.445	0.568,0.334,0.24	0.177	41,89,64,13,25,9	145,135,69,13,11,7	28,75,46,4,20,20	56,87,98,10,49,50
