xabsent	36329	5851
xabsent	110365
xabsent	1169540
xabsent	423536
present	312017	857967	5888	1172189	5949	5963	94643	572307	432359	88456	5875	5865	441375	2951	2562237	2562239
xabsent	35128	159749	1519565	556484	635003	44056
xabsent	309737	2880
xabsent	65357
xabsent	33653
present	72520	1094619	1485010	559515	695850	112090	42384	2315210	12968
present	37360	227086
xabsent	70448	436017	41875
xabsent	296587
present	3076	554055	554065	3075	574566	3068	3055	33097	564608	214687	39947	4577	3694	3847	3702	4081	29760	13333	3218
xabsent	280699
present	130081	448386	2769	35688
present	2903	1460289	2081491
present	905079
xabsent	64571	246409	1340429	2340872	588596	236234	930089	510516	367110	97331	341454	36022	559292	237561	4896	630390	1296120	214684	1137138	237631	1754190	1754191	1754192	684364	645134	988480	691883
xabsent	667725
present	37653	946362	595528	400682	10228	45351	8496	299123	13616	9785	9606	9913	9258	8355	7955	7739	7668	7227	126957
present	461836
xabsent	5759	370355
present	1890364	1054147	670386	5786	1257118
xabsent	1314962
present	75058	5664	157538	134013	185431	5762
xabsent	348837	184922	5722
