goID	Pvalue	FoldEnrch	test_count	bkgd_count	expected
GO:0006882	0.00067	15.733636363636363	3	11	0.1906742936384122
GO:0051082	0.68267	0.8875384615384614	1	65	1.1267117351360723
GO:0005496	0.11477	8.241428571428571	1	7	0.12133818686080777
GO:0038023	0.06603	4.807499999999999	2	24	0.41601664066562666
GO:0009725	0.20238	4.437692307692307	1	13	0.22534234702721442
GO:0005783	0.06344	1.582215189873418	13	474	8.216328653146125
GO:0005886	0.04756	1.5591891891891891	16	592	10.261743803085457
GO:0004316	0.24595	3.6056249999999994	1	16	0.2773444271104178
GO:0048038	0.02699	7.692	2	15	0.26001040041601664
GO:0006633	0.20308	2.4037499999999996	2	48	0.8320332813312533
GO:0008202	0.37454	2.1366666666666663	1	27	0.46801872074883
GO:0047936	0.09957	9.614999999999998	1	6	0.10400416016640666
GO:0016614	0.04185	6.072631578947369	2	19	0.3293465071936211
GO:0044550	0.06928	4.615200000000001	2	25	0.4333506673600277
GO:0016616	0.07227	3.090535714285714	3	56	0.9707054948864622
GO:0006631	0.07785	2.983965517241379	3	58	1.0053735482752644
GO:0051287	0.03354	4.2212195121951215	3	41	0.7106950944704455
GO:0006629	0.01403	2.508260869565217	8	184	3.1894609117698045
GO:0005515	0.0	2.0536893203883495	44	1236	21.42485699427977
GO:0005737	0.05251	1.2869024856596558	35	1569	27.19708788351534
GO:0006805	0.18967	4.807499999999999	1	12	0.20800832033281333
GO:0016655	0.147	6.41	1	9	0.15600624024961
GO:0005902	0.21561	4.1207142857142856	1	14	0.24267637372161555
GO:0005829	0.01012	1.4804170008019246	32	1247	21.615531287918184
GO:0005524	0.64719	0.9238612099644129	9	562	9.741723002253423
GO:0016310	0.82095	0.7122222222222222	4	324	5.61622464898596
GO:0004672	0.24608	1.4868556701030926	5	194	3.3628011787138155
GO:0016301	0.74529	0.7984775086505189	4	289	5.009533714681921
GO:0004674	0.20784	1.5848901098901098	5	182	3.154792858381002
GO:0000166	0.8615	0.7396153846153847	8	624	10.816432657306292
GO:0000278	0.56271	1.2274468085106383	1	47	0.8146992546368522
GO:0045893	0.17576	2.0851807228915664	3	83	1.438724215635292
GO:0097014	0.18921	4.807499999999999	1	12	0.20800832033281333
GO:0035253	0.06777	14.422499999999998	1	4	0.06933610677760445
GO:0035869	0.23119	3.846	1	15	0.26001040041601664
GO:0036064	0.7452	0.7492207792207792	1	77	1.3347200554688854
GO:0030145	0.50187	1.44225	1	40	0.6933610677760443
GO:0106310	0.52065	1.1538000000000002	2	100	1.7334026694401108
GO:0000165	0.00242	6.992727272727273	4	33	0.5720228809152366
GO:0006974	0.2849	1.6024999999999998	3	108	1.87207488299532
GO:0005813	0.94711	0.3475301204819277	1	166	2.877448431270584
GO:0005654	0.0891	1.4711475409836066	14	549	9.51638065522621
GO:0000922	0.52403	1.3735714285714287	1	42	0.7280291211648465
GO:0005634	0.57159	0.9872789503707929	30	1753	30.386548795285144
GO:0004713	0.1945	2.4548936170212765	2	47	0.8146992546368522
GO:0010506	0.12765	3.205	2	36	0.62402496099844
GO:0005509	0.0957	1.6378864353312304	9	317	5.494886462125152
GO:0004709	0.00631	7.866818181818181	3	22	0.3813485872768244
GO:0034451	0.08802	3.9786206896551723	2	29	0.5026867741376322
GO:0060271	0.84239	0.5547115384615384	1	104	1.8027387762177154
GO:0007017	0.04265	6.072631578947369	2	19	0.3293465071936211
GO:0004683	0.36698	2.2188461538461537	1	26	0.45068469405442885
GO:0000407	0.06861	4.615200000000001	2	25	0.4333506673600277
GO:0005776	0.36399	2.2188461538461537	1	26	0.45068469405442885
GO:0016620	0.22795	3.846	1	15	0.26001040041601664
GO:0005739	0.55976	0.9894063324538259	13	758	13.13919223435604
GO:0006081	0.08244	11.538	1	5	0.08667013347200554
GO:0043878	0.08163	11.538	1	5	0.08667013347200554
GO:0004029	0.08163	11.538	1	5	0.08667013347200554
GO:0051289	0.21893	4.1207142857142856	1	14	0.24267637372161555
GO:0019285	0.05046	19.229999999999997	1	3	0.05200208008320333
GO:0005759	0.22126	1.8411702127659573	3	94	1.6293985092737044
GO:0004030	0.01673	57.68999999999999	1	1	0.017334026694401112
GO:0042904	0.01673	57.68999999999999	1	1	0.017334026694401112
GO:0070887	0.09974	9.614999999999998	1	6	0.10400416016640666
GO:0042803	0.00164	3.2249068322981365	9	161	2.7907782977985787
GO:0005777	0.52393	1.1423762376237623	2	101	1.750736696134512
GO:0005789	0.00109	2.40375	15	360	6.240249609984399
GO:0003924	0.3202	1.5049565217391303	3	115	1.9934130698561277
GO:0005525	0.73149	0.7795945945945946	2	148	2.565435950771364
GO:0007165	0.17684	1.817007874015748	4	127	2.201421390188941
GO:0003925	0.21776	4.1207142857142856	1	14	0.24267637372161555
GO:0010629	0.01907	5.244545454545455	3	33	0.5720228809152366
GO:0007015	0.00305	6.5931428571428565	4	35	0.6066909343040389
GO:0019887	0.15906	5.769	1	10	0.17334026694401108
GO:0009898	0.29392	2.8845	1	20	0.34668053388802217
GO:0031152	0.30839	2.7471428571428573	1	21	0.36401456058242326
GO:0010856	0.06764	14.422499999999998	1	4	0.06933610677760445
GO:0006909	0.10991	3.4963636363636366	2	33	0.5720228809152366
GO:0019900	0.25887	3.3935294117647063	1	17	0.29467845380481883
GO:0007188	0.08541	11.538	1	5	0.08667013347200554
GO:0005938	0.31853	1.7481818181818183	2	66	1.1440457618304731
GO:0031982	0.48782	1.5181578947368422	1	38	0.6586930143872421
GO:0030250	0.03492	28.844999999999995	1	2	0.034668053388802224
GO:0031252	0.00863	6.9228000000000005	3	25	0.4333506673600277
GO:0000281	6e-05	7.692	6	45	0.7800312012480499
GO:0000902	0.00316	10.180588235294119	3	17	0.29467845380481883
GO:0051897	0.03064	7.211249999999999	2	16	0.2773444271104178
GO:0043130	0.63924	0.9946551724137931	1	58	1.0053735482752644
GO:0046847	3e-05	23.076	4	10	0.17334026694401108
GO:0007265	0.1897	4.807499999999999	1	12	0.20800832033281333
GO:0005811	0.59493	1.1311764705882352	1	51	0.8840353614144566
GO:0140220	0.19087	4.807499999999999	1	12	0.20800832033281333
GO:0004860	0.08488	11.538	1	5	0.08667013347200554
GO:0006935	0.20363	4.437692307692307	1	13	0.22534234702721442
GO:0070371	0.1445	6.41	1	9	0.15600624024961
GO:0031005	0.11581	8.241428571428571	1	7	0.12133818686080777
GO:0005768	0.24177	1.5914482758620692	4	145	2.5134338706881607
GO:0010008	0.02696	2.9433673469387758	5	98	1.6987346160513086
GO:0030336	0.24393	3.6056249999999994	1	16	0.2773444271104178
GO:0044291	0.08282	11.538	1	5	0.08667013347200554
GO:0005923	0.13257	7.211249999999999	1	8	0.1386722135552089
GO:0030659	0.50212	1.44225	1	40	0.6933610677760443
GO:0055038	0.32188	2.622272727272727	1	22	0.3813485872768244
GO:0007264	0.44794	1.6967647058823532	1	34	0.5893569076096377
GO:0030866	0.015	10.489090909090908	2	11	0.1906742936384122
GO:0016363	0.28285	3.0363157894736843	1	19	0.3293465071936211
GO:0030036	0.52965	1.341627906976744	1	43	0.7453631478592477
GO:0051726	0.23589	2.1769811320754715	2	53	0.9187034148032588
GO:0042127	0.04626	5.769	2	20	0.34668053388802217
GO:0051117	0.02401	8.241428571428571	2	14	0.24267637372161555
GO:0031625	0.22063	2.2623529411764705	2	51	0.8840353614144566
GO:0017157	0.16073	5.769	1	10	0.17334026694401108
GO:0005925	0.15232	2.8845	2	40	0.6933610677760443
GO:0044877	0.05864	3.393529411764706	3	51	0.8840353614144566
GO:0008283	0.32062	2.622272727272727	1	22	0.3813485872768244
GO:0070374	0.2437	3.6056249999999994	1	16	0.2773444271104178
GO:0005911	0.02494	4.8075	3	36	0.62402496099844
GO:0098978	0.22281	2.2623529411764705	2	51	0.8840353614144566
GO:0005516	0.30149	1.8314285714285714	2	63	1.0920436817472698
GO:0001934	0.34329	2.4037499999999996	1	24	0.41601664066562666
GO:0000139	0.0024	2.8701492537313436	10	201	3.4841393655746224
GO:0030496	0.17676	2.622272727272727	2	44	0.7626971745536488
GO:0005246	0.05188	19.229999999999997	1	3	0.05200208008320333
GO:0007249	0.09996	9.614999999999998	1	6	0.10400416016640666
GO:0051285	0.08379	11.538	1	5	0.08667013347200554
GO:0000935	0.06672	14.422499999999998	1	4	0.06933610677760445
GO:0008285	0.42082	1.860967741935484	1	31	0.5373548275264344
GO:0005743	0.80433	0.670813953488372	2	172	2.981452591436991
GO:0016887	0.90982	0.5082819383259912	2	227	3.934824059629052
GO:0033617	0.18897	4.807499999999999	1	12	0.20800832033281333
GO:0034551	0.08393	11.538	1	5	0.08667013347200554
GO:0032981	0.29776	2.8845	1	20	0.34668053388802217
GO:0032979	0.05046	19.229999999999997	1	3	0.05200208008320333
GO:0006950	0.28124	3.0363157894736843	1	19	0.3293465071936211
GO:0009536	0.86376	0.5827272727272726	2	198	3.43213728549142
GO:0009507	0.86151	0.6900717703349283	5	418	7.245623158259663
GO:0051131	0.14653	6.41	1	9	0.15600624024961
GO:0008320	0.21798	4.1207142857142856	1	14	0.24267637372161555
GO:0003950	0.03048	7.211249999999999	2	16	0.2773444271104178
GO:0045892	0.33619	1.672173913043478	2	69	1.1960478419136766
GO:0003676	0.90508	0.5693092105263158	3	304	5.269544115097937
GO:0016757	0.27505	1.508235294117647	4	153	2.65210608424337
GO:0003723	0.98294	0.40436915887850466	3	428	7.418963425203675
GO:0003714	0.15207	2.8845	2	40	0.6933610677760443
GO:0008270	0.45339	1.0910638297872342	8	423	7.332293291731669
GO:0016567	0.29358	1.4605063291139242	4	158	2.738776217715375
GO:0004222	0.54834	1.282	1	45	0.7800312012480499
GO:0019899	0.58493	1.1538000000000002	1	50	0.8667013347200554
GO:0042531	0.06805	14.422499999999998	1	4	0.06933610677760445
GO:0000122	0.10393	2.2188461538461537	4	104	1.8027387762177154
GO:0070403	0.19078	4.807499999999999	1	12	0.20800832033281333
GO:0045087	0.04337	3.846	3	45	0.7800312012480499
GO:0004715	0.23049	3.846	1	15	0.26001040041601664
GO:0004712	0.2169	4.1207142857142856	1	14	0.24267637372161555
GO:0035091	0.23583	2.1769811320754715	2	53	0.9187034148032588
GO:0005769	0.68135	0.8875384615384614	1	65	1.1267117351360723
GO:0061709	3e-05	17.75076923076923	4	13	0.22534234702721442
GO:0032456	0.29793	2.8845	1	20	0.34668053388802217
GO:0015031	0.97386	0.28418719211822663	1	203	3.518807418963425
GO:0042147	0.47543	1.5591891891891891	1	37	0.641358987692841
GO:0030904	0.06723	14.422499999999998	1	4	0.06933610677760445
GO:0006886	0.04211	2.3546938775510204	6	147	2.548101924076963
GO:0008289	0.25365	2.0603571428571428	2	56	0.9707054948864622
GO:0005794	0.28548	1.282	8	360	6.240249609984399
GO:0031901	0.00658	5.366511627906976	4	43	0.7453631478592477
GO:0006897	0.30669	1.8028124999999997	2	64	1.1093777084416712
GO:1901981	0.099	9.614999999999998	1	6	0.10400416016640666
GO:0050821	0.48613	1.5181578947368422	1	38	0.6586930143872421
GO:0031969	0.05926	5.016521739130434	2	23	0.39868261397122556
GO:0005771	0.21716	4.1207142857142856	1	14	0.24267637372161555
GO:0031410	0.15744	1.9071074380165287	4	121	2.0974172300225344
GO:0042995	0.63233	0.9457377049180328	2	122	2.1147512567169353
GO:0030027	0.02514	4.677567567567568	3	37	0.641358987692841
GO:0003960	0.10028	9.614999999999998	1	6	0.10400416016640666
GO:0070402	0.17519	5.244545454545454	1	11	0.1906742936384122
GO:0016651	0.21647	4.1207142857142856	1	14	0.24267637372161555
GO:0004022	0.14464	6.41	1	9	0.15600624024961
GO:0004198	0.10006	9.614999999999998	1	6	0.10400416016640666
GO:0006508	0.44567	1.1713705583756344	4	197	3.414803258797019
GO:0008234	0.21903	2.2623529411764705	2	51	0.8840353614144566
GO:0005929	0.58289	1.0301785714285714	2	112	1.9414109897729244
GO:0008233	0.32298	1.3901204819277109	4	166	2.877448431270584
GO:0009793	0.23882	2.1366666666666663	2	54	0.93603744149766
GO:0005764	0.24573	1.748181818181818	3	99	1.71606864274571
GO:0030163	0.35322	2.3076000000000003	1	25	0.4333506673600277
GO:0043565	0.22747	2.2188461538461537	2	52	0.9013693881088577
GO:0016706	0.28381	3.0363157894736843	1	19	0.3293465071936211
GO:0003727	0.33461	2.508260869565217	1	23	0.39868261397122556
GO:1990904	0.62893	0.930483870967742	4	248	4.298838620211475
GO:0000987	0.14505	6.41	1	9	0.15600624024961
GO:0006325	0.3832	1.5181578947368422	2	76	1.3173860287744843
GO:0005730	0.39711	1.1854109589041095	6	292	5.061535794765124
GO:0002040	0.11434	8.241428571428571	1	7	0.12133818686080777
GO:0032452	0.10111	9.614999999999998	1	6	0.10400416016640666
GO:0051260	0.27218	3.205	1	18	0.31201248049922
GO:0008168	0.52786	1.058532110091743	4	218	3.7788178193794417
GO:0032259	0.47117	1.1367487684729065	4	203	3.518807418963425
GO:0006338	0.15571	1.923	4	120	2.080083203328133
GO:0009788	0.11365	8.241428571428571	1	7	0.12133818686080777
GO:0000347	0.17406	5.244545454545454	1	11	0.1906742936384122
GO:0031047	0.07777	4.2733333333333325	2	27	0.46801872074883
GO:0080008	0.24349	3.6056249999999994	1	16	0.2773444271104178
GO:0003724	0.5681	1.2018749999999998	1	48	0.8320332813312533
GO:0000346	0.06709	14.422499999999998	1	4	0.06933610677760445
GO:0006406	0.37743	2.1366666666666663	1	27	0.46801872074883
GO:0008408	0.28312	3.0363157894736843	1	19	0.3293465071936211
GO:0003887	0.4657	1.6025	1	36	0.62402496099844
GO:0006260	0.73612	0.7590789473684211	1	76	1.3173860287744843
GO:0071897	0.33098	2.508260869565217	1	23	0.39868261397122556
GO:0004527	0.03653	4.120714285714286	3	42	0.7280291211648465
GO:0000287	0.87054	0.49732758620689654	1	116	2.0107470965505287
GO:0008311	0.09801	9.614999999999998	1	6	0.10400416016640666
GO:0006259	0.3669	2.2188461538461537	1	26	0.45068469405442885
GO:0004114	0.14673	6.41	1	9	0.15600624024961
GO:0008081	0.39142	2.0603571428571428	1	28	0.4853527474432311
GO:0030553	0.20182	4.437692307692307	1	13	0.22534234702721442
GO:0004115	0.06872	14.422499999999998	1	4	0.06933610677760445
GO:0047555	0.06872	14.422499999999998	1	4	0.06933610677760445
GO:0005741	0.30554	1.8028124999999997	2	64	1.1093777084416712
GO:0048471	0.05482	2.4239495798319326	5	119	2.0627491766337323
GO:0010628	0.20828	2.3546938775510204	2	49	0.8493673080256543
GO:0097060	0.0151	10.489090909090908	2	11	0.1906742936384122
GO:0004016	0.14542	6.41	1	9	0.15600624024961
GO:0009190	0.22937	3.846	1	15	0.26001040041601664
GO:0035556	0.5366	1.1201941747572814	2	103	1.7854047495233143
GO:0005930	0.72357	0.7902739726027397	1	73	1.265383948691281
GO:0007601	0.32029	2.622272727272727	1	22	0.3813485872768244
GO:0050896	0.57418	1.1773469387755102	1	49	0.8493673080256543
GO:0032440	0.09429	3.846	2	30	0.5200208008320333
GO:0015267	0.11573	8.241428571428571	1	7	0.12133818686080777
GO:0006833	0.06773	14.422499999999998	1	4	0.06933610677760445
GO:0015250	0.06773	14.422499999999998	1	4	0.06933610677760445
GO:0016323	0.15981	2.8141463414634145	2	41	0.7106950944704455
GO:0005774	0.07536	3.0363157894736843	3	57	0.9880395215808632
GO:0005773	0.5586	1.2274468085106383	1	47	0.8146992546368522
GO:0016324	0.66739	0.9157142857142857	1	63	1.0920436817472698
GO:0071918	0.06792	14.422499999999998	1	4	0.06933610677760445
GO:0080170	0.01726	57.68999999999999	1	1	0.017334026694401112
GO:0055085	0.60228	0.9946551724137931	2	116	2.0107470965505287
GO:0000326	0.03416	28.844999999999995	1	2	0.034668053388802224
GO:0042807	0.01726	57.68999999999999	1	1	0.017334026694401112
GO:0015204	0.06792	14.422499999999998	1	4	0.06933610677760445
GO:0003854	0.27031	3.205	1	18	0.31201248049922
GO:0006694	0.47743	1.5591891891891891	1	37	0.641358987692841
GO:0006384	0.1466	6.41	1	9	0.15600624024961
GO:0000127	0.05165	19.229999999999997	1	3	0.05200208008320333
GO:0003677	0.8156	0.6950602409638554	3	249	4.316172646905876
GO:0009809	0.11606	8.241428571428571	1	7	0.12133818686080777
GO:0043240	0.03501	28.844999999999995	1	2	0.034668053388802224
GO:0004842	0.2458	1.748181818181818	3	99	1.71606864274571
GO:0036297	0.02375	8.241428571428571	2	14	0.24267637372161555
GO:0061630	0.83694	0.5600970873786407	1	103	1.7854047495233143
GO:0005635	0.0245	3.6056249999999994	4	64	1.1093777084416712
GO:0000785	0.15922	1.9071074380165287	4	121	2.0974172300225344
GO:0016604	0.00155	5.8867346938775515	5	49	0.8493673080256543
GO:0007276	0.08541	11.538	1	5	0.08667013347200554
GO:0006281	0.18996	1.6296610169491526	5	177	3.068122724908996
GO:0043842	0.01746	57.68999999999999	1	1	0.017334026694401112
GO:0009244	0.01746	57.68999999999999	1	1	0.017334026694401112
GO:0009103	0.05249	19.229999999999997	1	3	0.05200208008320333
GO:0008716	0.09948	9.614999999999998	1	6	0.10400416016640666
GO:0016874	0.72886	0.7795945945945946	2	148	2.565435950771364
GO:0008360	0.32264	2.622272727272727	1	22	0.3813485872768244
GO:0008757	0.43769	1.3574117647058825	2	85	1.4733922690240941
GO:0009245	0.00011	28.845	3	6	0.10400416016640666
GO:0022857	0.89132	0.46152000000000004	1	125	2.1667533368001384
GO:0097037	0.01646	57.68999999999999	1	1	0.017334026694401112
GO:0015232	0.05101	19.229999999999997	1	3	0.05200208008320333
GO:0020037	0.42014	1.3901204819277109	2	83	1.438724215635292
GO:0005765	0.75917	0.7122222222222222	1	81	1.40405616224649
GO:0043231	0.65515	0.9014062499999999	2	128	2.2187554168833423
GO:0003746	0.52969	1.341627906976744	1	43	0.7453631478592477
GO:0000331	0.06917	14.422499999999998	1	4	0.06933610677760445
GO:0005544	0.12948	7.211249999999999	1	8	0.1386722135552089
GO:0051015	0.26784	1.9893103448275862	2	58	1.0053735482752644
GO:0031902	0.03081	4.3267500000000005	3	40	0.6933610677760443
GO:0031154	0.22994	3.846	1	15	0.26001040041601664
GO:0030670	0.25743	3.3935294117647063	1	17	0.29467845380481883
GO:0030154	0.32517	1.7220895522388062	2	67	1.1613797885248742
GO:0001786	0.20315	4.437692307692307	1	13	0.22534234702721442
GO:0045666	0.10033	9.614999999999998	1	6	0.10400416016640666
GO:0042802	0.23246	1.4021875	7	288	4.99219968798752
GO:0031965	0.57104	1.2018749999999998	1	48	0.8320332813312533
GO:1901223	0.00282	23.076	2	5	0.08667013347200554
GO:0043005	0.01023	4.709387755102041	4	49	0.8493673080256543
GO:0043025	0.21447	2.3076000000000003	2	50	0.8667013347200554
GO:0030335	0.33262	2.508260869565217	1	23	0.39868261397122556
GO:0048306	0.16004	5.769	1	10	0.17334026694401108
GO:0030971	0.14398	6.41	1	9	0.15600624024961
GO:0030054	0.31926	2.622272727272727	1	22	0.3813485872768244
GO:0046983	0.09594	3.846	2	30	0.5200208008320333
GO:1902476	0.20601	4.437692307692307	1	13	0.22534234702721442
GO:0005254	0.17853	5.244545454545454	1	11	0.1906742936384122
GO:0005227	0.14664	6.41	1	9	0.15600624024961
GO:0017128	0.11523	8.241428571428571	1	7	0.12133818686080777
GO:0051649	0.30845	2.7471428571428573	1	21	0.36401456058242326
GO:0006821	0.1618	5.769	1	10	0.17334026694401108
GO:0006812	0.37808	2.1366666666666663	1	27	0.46801872074883
GO:0006829	0.1311	7.211249999999999	1	8	0.1386722135552089
GO:0071577	0.00997	12.82	2	9	0.15600624024961
GO:0005385	0.01231	11.538	2	10	0.17334026694401108
GO:0008324	0.25854	3.3935294117647063	1	17	0.29467845380481883
GO:0016529	0.01026	12.82	2	9	0.15600624024961
GO:0012507	0.21534	4.1207142857142856	1	14	0.24267637372161555
GO:0030658	0.20246	4.437692307692307	1	13	0.22534234702721442
GO:0032580	0.04284	6.072631578947369	2	19	0.3293465071936211
GO:1904257	0.01763	57.68999999999999	1	1	0.017334026694401112
GO:0030003	0.11607	8.241428571428571	1	7	0.12133818686080777
GO:0098771	0.11425	8.241428571428571	1	7	0.12133818686080777
GO:0098655	0.07866	4.2733333333333325	2	27	0.46801872074883
GO:0010312	0.01763	57.68999999999999	1	1	0.017334026694401112
GO:0006824	0.03452	28.844999999999995	1	2	0.034668053388802224
GO:0046873	0.01484	10.489090909090908	2	11	0.1906742936384122
GO:0055037	0.09104	3.9786206896551723	2	29	0.5026867741376322
GO:0015297	0.54797	1.282	1	45	0.7800312012480499
GO:0006506	0.43065	1.8028124999999997	1	32	0.5546888542208356
GO:0030141	0.13015	7.211249999999999	1	8	0.1386722135552089
GO:0062111	0.03425	28.844999999999995	1	2	0.034668053388802224
GO:0005096	0.78772	0.6555681818181818	1	88	1.5253943491072977
GO:0006954	0.04583	5.769	2	20	0.34668053388802217
GO:1901224	0.06694	14.422499999999998	1	4	0.06933610677760445
GO:0043124	0.14473	6.41	1	9	0.15600624024961
GO:0050728	0.21719	4.1207142857142856	1	14	0.24267637372161555
GO:0012501	0.06748	14.422499999999998	1	4	0.06933610677760445
GO:0016328	0.28243	3.0363157894736843	1	19	0.3293465071936211
GO:0061702	0.01768	57.68999999999999	1	1	0.017334026694401112
GO:0042981	0.32071	2.622272727272727	1	22	0.3813485872768244
GO:0002376	0.04291	6.072631578947369	2	19	0.3293465071936211
GO:0051607	0.35561	2.3076000000000003	1	25	0.4333506673600277
GO:0009966	0.04194	6.072631578947369	2	19	0.3293465071936211
GO:0015276	0.06959	14.422499999999998	1	4	0.06933610677760445
GO:0060078	0.05325	19.229999999999997	1	3	0.05200208008320333
GO:0005216	0.22284	2.2623529411764705	2	51	0.8840353614144566
GO:0045211	0.29928	2.8845	1	20	0.34668053388802217
GO:0045202	0.14568	2.277236842105263	3	76	1.3173860287744843
GO:0007166	0.07172	4.437692307692307	2	26	0.45068469405442885
GO:0022824	0.03611	28.844999999999995	1	2	0.034668053388802224
GO:0098839	0.14806	6.41	1	9	0.15600624024961
GO:0008066	0.01807	57.68999999999999	1	1	0.017334026694401112
GO:0034220	0.16572	2.7471428571428573	2	42	0.7280291211648465
GO:0006811	0.45453	1.3111363636363635	2	88	1.5253943491072977
GO:0017146	0.01807	57.68999999999999	1	1	0.017334026694401112
GO:0019722	0.04608	5.769	2	20	0.34668053388802217
GO:0008021	0.03339	6.787058823529413	2	17	0.29467845380481883
GO:0060079	0.10107	9.614999999999998	1	6	0.10400416016640666
GO:0042734	0.23386	3.846	1	15	0.26001040041601664
GO:0008483	0.54775	1.282	1	45	0.7800312012480499
GO:0005921	0.06822	14.422499999999998	1	4	0.06933610677760445
GO:0030170	0.64077	0.9946551724137931	1	58	1.0053735482752644
GO:0000271	0.08443	11.538	1	5	0.08667013347200554
GO:0098688	0.03474	28.844999999999995	1	2	0.034668053388802224
GO:0031090	0.30823	2.7471428571428573	1	21	0.36401456058242326
GO:0043197	0.23119	3.846	1	15	0.26001040041601664
GO:0001540	0.18974	4.807499999999999	1	12	0.20800832033281333
GO:0014069	0.0113	6.409999999999999	3	27	0.46801872074883
GO:0043204	0.34511	2.4037499999999996	1	24	0.41601664066562666
GO:0007268	0.2329	3.846	1	15	0.26001040041601664
GO:0043195	0.11614	8.241428571428571	1	7	0.12133818686080777
GO:0030425	0.59435	1.1311764705882352	1	51	0.8840353614144566
GO:0009611	0.07467	4.437692307692307	2	26	0.45068469405442885
GO:1903539	0.01807	57.68999999999999	1	1	0.017334026694401112
GO:0005261	0.25952	3.3935294117647063	1	17	0.29467845380481883
GO:0004930	0.40977	1.923	1	30	0.5200208008320333
GO:0006493	0.03062	7.211249999999999	2	16	0.2773444271104178
GO:0019228	0.14785	6.41	1	9	0.15600624024961
GO:0001662	0.06911	14.422499999999998	1	4	0.06933610677760445
GO:0006874	0.28381	3.0363157894736843	1	19	0.3293465071936211
GO:0098686	0.06882	14.422499999999998	1	4	0.06933610677760445
GO:0097471	0.01807	57.68999999999999	1	1	0.017334026694401112
GO:0030424	0.592	1.1311764705882352	1	51	0.8840353614144566
GO:0032839	0.12999	7.211249999999999	1	8	0.1386722135552089
GO:0043523	0.03553	28.844999999999995	1	2	0.034668053388802224
GO:0007157	0.16104	5.769	1	10	0.17334026694401108
GO:0050907	0.01807	57.68999999999999	1	1	0.017334026694401112
GO:0098793	0.38887	2.0603571428571428	1	28	0.4853527474432311
GO:0009986	0.72359	0.7902739726027397	1	73	1.265383948691281
GO:0030672	0.05614	5.244545454545454	2	22	0.3813485872768244
GO:0032590	0.06851	14.422499999999998	1	4	0.06933610677760445
GO:0060076	0.11925	8.241428571428571	1	7	0.12133818686080777
GO:0099544	0.01807	57.68999999999999	1	1	0.017334026694401112
GO:0007186	0.50639	1.44225	1	40	0.6933610677760443
GO:0042221	0.07476	4.437692307692307	2	26	0.45068469405442885
GO:0070588	0.09098	3.9786206896551723	2	29	0.5026867741376322
GO:0005262	0.06494	4.807499999999999	2	24	0.41601664066562666
GO:0007154	0.21816	4.1207142857142856	1	14	0.24267637372161555
GO:0007420	0.00074	6.7081395348837205	5	43	0.7453631478592477
GO:0006816	0.06994	4.615200000000001	2	25	0.4333506673600277
GO:0005102	0.36725	2.2188461538461537	1	26	0.45068469405442885
GO:0021987	0.21866	4.1207142857142856	1	14	0.24267637372161555
GO:0048511	0.24756	3.6056249999999994	1	16	0.2773444271104178
GO:0071949	0.24048	2.1366666666666663	2	54	0.93603744149766
GO:0009414	0.47437	1.5591891891891891	1	37	0.641358987692841
GO:0004497	0.02815	3.4441791044776124	4	67	1.1613797885248742
GO:0009535	0.77278	0.6867857142857143	1	84	1.456058242329693
GO:0051537	0.52988	1.341627906976744	1	43	0.7453631478592477
GO:0016705	0.3609	1.5805479452054794	2	73	1.265383948691281
GO:0018658	0.01699	57.68999999999999	1	1	0.017334026694401112
GO:0102099	0.01699	57.68999999999999	1	1	0.017334026694401112
GO:0046907	0.20212	4.437692307692307	1	13	0.22534234702721442
GO:0006888	0.62438	1.0301785714285714	1	56	0.9707054948864622
GO:0033116	0.13061	7.211249999999999	1	8	0.1386722135552089
GO:0006890	0.42157	1.860967741935484	1	31	0.5373548275264344
GO:0016192	0.17526	1.817007874015748	4	127	2.201421390188941
GO:0030134	0.24335	3.6056249999999994	1	16	0.2773444271104178
GO:0008373	0.01779	57.68999999999999	1	1	0.017334026694401112
GO:0006486	0.28015	1.923	2	60	1.0400416016640666
GO:0009247	0.13219	7.211249999999999	1	8	0.1386722135552089
GO:0009311	0.00183	28.844999999999995	2	4	0.06933610677760445
GO:0009860	0.21771	4.1207142857142856	1	14	0.24267637372161555
GO:0009846	0.16035	5.769	1	10	0.17334026694401108
GO:0009312	0.16153	5.769	1	10	0.17334026694401108
GO:0003836	0.01779	57.68999999999999	1	1	0.017334026694401112
GO:0043603	0.05276	19.229999999999997	1	3	0.05200208008320333
GO:0005576	0.44681	1.1446428571428573	5	252	4.368174726989079
GO:0035735	0.11616	8.241428571428571	1	7	0.12133818686080777
GO:0006665	0.36803	2.2188461538461537	1	26	0.45068469405442885
GO:0019082	0.01779	57.68999999999999	1	1	0.017334026694401112
GO:0000138	0.1607	5.769	1	10	0.17334026694401108
GO:0006688	0.06821	14.422499999999998	1	4	0.06933610677760445
GO:0051213	0.43065	1.3735714285714287	2	84	1.456058242329693
GO:0034440	0.03454	28.844999999999995	1	2	0.034668053388802224
GO:0031408	0.08316	11.538	1	5	0.08667013347200554
GO:0016702	0.01242	11.538	2	10	0.17334026694401108
GO:0009753	0.10084	9.614999999999998	1	6	0.10400416016640666
GO:0009695	0.08379	11.538	1	5	0.08667013347200554
GO:0005506	0.82939	0.5769000000000001	1	100	1.7334026694401108
GO:0001676	0.20082	4.437692307692307	1	13	0.22534234702721442
GO:0016042	0.45747	1.6482857142857141	1	35	0.6066909343040389
GO:0004601	0.38512	2.0603571428571428	1	28	0.4853527474432311
GO:0006979	0.55299	1.2541304347826085	1	46	0.7973652279424511
GO:0046513	0.23026	3.846	1	15	0.26001040041601664
GO:0016779	0.32005	1.7481818181818183	2	66	1.1440457618304731
GO:0006302	0.23336	2.1769811320754715	2	53	0.9187034148032588
GO:0005694	0.29219	1.5877981651376147	3	109	1.8894089096897209
GO:0006915	0.30623	1.8028124999999997	2	64	1.1093777084416712
GO:0003682	0.3683	1.3845600000000002	3	125	2.1667533368001384
GO:0019901	0.33157	1.6967647058823532	2	68	1.1787138152192753
GO:0034599	0.39724	1.9893103448275862	1	29	0.5026867741376322
GO:0043123	0.2813	3.0363157894736843	1	19	0.3293465071936211
GO:0005667	0.42069	1.860967741935484	1	31	0.5373548275264344
GO:0032869	0.17507	5.244545454545454	1	11	0.1906742936384122
GO:0035861	0.02852	4.437692307692308	3	39	0.6760270410816432
GO:0061629	0.0732	4.437692307692307	2	26	0.45068469405442885
GO:0043596	0.26845	3.205	1	18	0.31201248049922
GO:0003684	0.473	1.5591891891891891	1	37	0.641358987692841
GO:0007005	0.45976	1.6482857142857141	1	35	0.6066909343040389
GO:0045944	0.40185	1.3111363636363638	3	132	2.2880915236609463
GO:0045824	0.11428	8.241428571428571	1	7	0.12133818686080777
GO:0046697	0.03393	28.844999999999995	1	2	0.034668053388802224
GO:0000723	0.41914	1.860967741935484	1	31	0.5373548275264344
GO:0006303	0.27	3.205	1	18	0.31201248049922
GO:0006284	0.31889	2.622272727272727	1	22	0.3813485872768244
GO:0030587	0.44821	1.6967647058823532	1	34	0.5893569076096377
GO:0035821	0.20506	4.437692307692307	1	13	0.22534234702721442
GO:0044218	0.11566	8.241428571428571	1	7	0.12133818686080777
GO:0090729	0.31016	2.7471428571428573	1	21	0.36401456058242326
GO:0006887	0.45964	1.6482857142857141	1	35	0.6066909343040389
GO:0044231	0.09943	9.614999999999998	1	6	0.10400416016640666
GO:0016798	0.36147	1.5805479452054794	2	73	1.265383948691281
GO:0005975	0.90403	0.43704545454545457	1	132	2.2880915236609463
GO:0004553	0.69332	0.8610447761194031	1	67	1.1613797885248742
GO:0015925	0.01775	57.68999999999999	1	1	0.017334026694401112
GO:0004557	0.05148	19.229999999999997	1	3	0.05200208008320333
GO:0008152	0.7428	0.7492207792207792	1	77	1.3347200554688854
GO:0048046	0.21678	4.1207142857142856	1	14	0.24267637372161555
GO:0009505	0.14467	6.41	1	9	0.15600624024961
GO:0030246	0.82281	0.5886734693877551	1	98	1.6987346160513086
GO:0030247	0.21621	4.1207142857142856	1	14	0.24267637372161555
GO:0000272	0.54349	1.282	1	45	0.7800312012480499
GO:0030001	0.24545	3.6056249999999994	1	16	0.2773444271104178
GO:0000041	0.04975	19.229999999999997	1	3	0.05200208008320333
GO:0071578	0.05014	19.229999999999997	1	3	0.05200208008320333
GO:0000006	0.01676	57.68999999999999	1	1	0.017334026694401112
GO:0004364	0.23273	3.846	1	15	0.26001040041601664
GO:0006749	0.21728	4.1207142857142856	1	14	0.24267637372161555
GO:0009407	0.03464	28.844999999999995	1	2	0.034668053388802224
GO:0004602	0.16249	5.769	1	10	0.17334026694401108
GO:0016810	0.26783	3.205	1	18	0.31201248049922
GO:0000256	0.08234	11.538	1	5	0.08667013347200554
GO:0050897	0.0989	9.614999999999998	1	6	0.10400416016640666
GO:0016812	0.06682	14.422499999999998	1	4	0.06933610677760445
GO:0006144	0.12947	7.211249999999999	1	8	0.1386722135552089
GO:0007399	0.53083	1.341627906976744	1	43	0.7453631478592477
GO:0006212	0.0499	19.229999999999997	1	3	0.05200208008320333
GO:0004067	0.06796	14.422499999999998	1	4	0.06933610677760445
GO:0004298	0.06882	14.422499999999998	1	4	0.06933610677760445
GO:0051604	0.00049	17.307000000000002	3	10	0.17334026694401108
GO:0008798	0.03478	28.844999999999995	1	2	0.034668053388802224
GO:0000175	0.28518	3.0363157894736843	1	19	0.3293465071936211
GO:0004518	0.29801	1.8314285714285714	2	63	1.0920436817472698
GO:0000467	0.11751	8.241428571428571	1	7	0.12133818686080777
GO:0035269	0.11787	8.241428571428571	1	7	0.12133818686080777
GO:0004169	0.06815	14.422499999999998	1	4	0.06933610677760445
GO:0000030	0.21844	4.1207142857142856	1	14	0.24267637372161555
GO:0030968	0.03085	7.211249999999999	2	16	0.2773444271104178
GO:0006396	0.66985	0.9157142857142857	1	63	1.0920436817472698
GO:0003729	0.87402	0.5655882352941176	2	204	3.5361414456578264
GO:0006397	0.63592	0.938048780487805	2	123	2.132085283411336
GO:1901800	0.11491	8.241428571428571	1	7	0.12133818686080777
GO:0007605	0.34479	2.4037499999999996	1	24	0.41601664066562666
GO:0035102	0.05114	19.229999999999997	1	3	0.05200208008320333
GO:0006357	0.48021	1.161543624161074	3	149	2.582769977465765
GO:0001701	0.13629	3.1183783783783783	2	37	0.641358987692841
GO:0097190	0.06682	14.422499999999998	1	4	0.06933610677760445
GO:0048704	0.08376	11.538	1	5	0.08667013347200554
GO:0048706	0.09949	9.614999999999998	1	6	0.10400416016640666
GO:1990841	0.02336	8.241428571428571	2	14	0.24267637372161555
GO:0006306	0.13291	7.211249999999999	1	8	0.1386722135552089
GO:0000978	0.29944	1.8314285714285714	2	63	1.0920436817472698
GO:0097027	0.05173	19.229999999999997	1	3	0.05200208008320333
GO:0000151	0.34475	2.4037499999999996	1	24	0.41601664066562666
GO:0000792	0.19055	4.807499999999999	1	12	0.20800832033281333
GO:0001501	0.1911	4.807499999999999	1	12	0.20800832033281333
GO:0032511	0.00821	14.422499999999998	2	8	0.1386722135552089
GO:0000329	0.44689	1.6967647058823532	1	34	0.5893569076096377
GO:0005770	0.59143	1.1311764705882352	1	51	0.8840353614144566
GO:0009658	0.49578	1.4792307692307693	1	39	0.6760270410816432
GO:0009570	0.69561	0.8483823529411766	1	68	1.1787138152192753
GO:0008380	0.78109	0.670813953488372	1	86	1.4907262957184955
GO:0071569	1e-05	38.459999999999994	4	6	0.10400416016640666
GO:0034976	0.00442	8.653500000000001	3	20	0.34668053388802217
GO:0042308	0.05001	19.229999999999997	1	3	0.05200208008320333
GO:0008641	0.16092	5.769	1	10	0.17334026694401108
GO:0051179	0.20406	4.437692307692307	1	13	0.22534234702721442
GO:0019903	0.25592	3.3935294117647063	1	17	0.29467845380481883
GO:0042059	0.01776	57.68999999999999	1	1	0.017334026694401112
GO:0005856	0.87993	0.557391304347826	2	207	3.58814352574103
GO:0001654	0.132	7.211249999999999	1	8	0.1386722135552089
GO:0031012	0.43293	1.8028124999999997	1	32	0.5546888542208356
GO:0012505	0.68027	0.8875384615384614	1	65	1.1267117351360723
GO:0070679	0.03439	28.844999999999995	1	2	0.034668053388802224
GO:0005220	0.01741	57.68999999999999	1	1	0.017334026694401112
GO:0051209	0.13302	7.211249999999999	1	8	0.1386722135552089
GO:0033017	0.08465	11.538	1	5	0.08667013347200554
GO:0043235	0.23152	3.846	1	15	0.26001040041601664
GO:0099105	0.0343	28.844999999999995	1	2	0.034668053388802224
GO:0032469	0.06813	14.422499999999998	1	4	0.06933610677760445
GO:0009791	0.02043	5.090294117647059	3	34	0.5893569076096377
GO:0032024	0.13014	7.211249999999999	1	8	0.1386722135552089
GO:0098685	0.205	4.437692307692307	1	13	0.22534234702721442
GO:0005637	0.21887	4.1207142857142856	1	14	0.24267637372161555
GO:0019904	0.50699	1.44225	1	40	0.6933610677760443
GO:0019855	0.06744	14.422499999999998	1	4	0.06933610677760445
GO:0061657	0.01799	57.68999999999999	1	1	0.017334026694401112
GO:0006417	0.52427	1.3735714285714287	1	42	0.7280291211648465
GO:0031175	0.29819	2.8845	1	20	0.34668053388802217
GO:0005845	0.09942	9.614999999999998	1	6	0.10400416016640666
GO:0098794	0.32228	2.622272727272727	1	22	0.3813485872768244
GO:0031267	0.18758	2.0124418604651164	3	86	1.4907262957184955
GO:0030833	0.19094	4.807499999999999	1	12	0.20800832033281333
GO:0031209	0.00011	34.614000000000004	3	5	0.08667013347200554
GO:0000340	0.09932	9.614999999999998	1	6	0.10400416016640666
GO:0032433	0.00055	17.307000000000002	3	10	0.17334026694401108
GO:0007411	0.28362	3.0363157894736843	1	19	0.3293465071936211
GO:0031143	0.00082	15.733636363636363	3	11	0.1906742936384122
GO:0098609	0.06374	4.807499999999999	2	24	0.41601664066562666
GO:0045900	0.052	19.229999999999997	1	3	0.05200208008320333
GO:0005786	0.09939	9.614999999999998	1	6	0.10400416016640666
GO:0048500	0.08307	11.538	1	5	0.08667013347200554
GO:0008312	0.11515	8.241428571428571	1	7	0.12133818686080777
GO:0006614	0.18827	4.807499999999999	1	12	0.20800832033281333
GO:0007129	0.01832	9.614999999999998	2	12	0.20800832033281333
GO:1990918	0.00264	23.076	2	5	0.08667013347200554
GO:0031573	0.18776	4.807499999999999	1	12	0.20800832033281333
GO:0043066	0.33026	1.6967647058823532	2	68	1.1787138152192753
GO:0048854	0.09995	9.614999999999998	1	6	0.10400416016640666
GO:0010508	0.20353	4.437692307692307	1	13	0.22534234702721442
GO:0000077	0.27105	3.205	1	18	0.31201248049922
GO:0003779	0.38907	1.4984415584415585	2	77	1.3347200554688854
GO:0017124	0.27181	3.205	1	18	0.31201248049922
GO:0016709	0.1155	8.241428571428571	1	7	0.12133818686080777
GO:0005884	0.33439	2.508260869565217	1	23	0.39868261397122556
GO:0030042	0.10076	9.614999999999998	1	6	0.10400416016640666
GO:0045171	0.03066	7.211249999999999	2	16	0.2773444271104178
GO:0007010	0.44108	1.7481818181818183	1	33	0.5720228809152366
GO:0004252	0.61275	1.0683333333333331	1	54	0.93603744149766
GO:0008236	0.59144	1.1311764705882352	1	51	0.8840353614144566
GO:0007095	0.20287	4.437692307692307	1	13	0.22534234702721442
GO:0005795	0.21912	4.1207142857142856	1	14	0.24267637372161555
GO:0016485	0.3984	1.9893103448275862	1	29	0.5026867741376322
GO:0051216	0.23171	3.846	1	15	0.26001040041601664
GO:0016311	0.56139	1.2274468085106383	1	47	0.8146992546368522
GO:0004725	0.44839	1.6967647058823532	1	34	0.5893569076096377
GO:0004197	0.31783	2.622272727272727	1	22	0.3813485872768244
GO:0006310	0.3111	1.7750769230769228	2	65	1.1267117351360723
GO:0031011	0.20168	4.437692307692307	1	13	0.22534234702721442
GO:0006355	0.71597	0.8068531468531469	2	143	2.4787658172993585
GO:0016853	0.88998	0.46152000000000004	1	125	2.1667533368001384
GO:0004494	0.01784	57.68999999999999	1	1	0.017334026694401112
GO:0016866	0.05191	19.229999999999997	1	3	0.05200208008320333
GO:0031419	0.10111	9.614999999999998	1	6	0.10400416016640666
GO:0050667	0.06703	14.422499999999998	1	4	0.06933610677760445
GO:0006790	0.13142	7.211249999999999	1	8	0.1386722135552089
GO:0045048	0.08517	11.538	1	5	0.08667013347200554
GO:0006457	0.7694	0.6950602409638554	1	83	1.438724215635292
GO:0044183	0.2816	3.0363157894736843	1	19	0.3293465071936211
GO:0005802	0.71606	0.80125	1	72	1.24804992199688
GO:0099041	0.05183	19.229999999999997	1	3	0.05200208008320333
GO:0007346	0.17505	5.244545454545454	1	11	0.1906742936384122
GO:0000079	0.09879	9.614999999999998	1	6	0.10400416016640666
GO:0045145	0.03488	28.844999999999995	1	2	0.034668053388802224
GO:0070290	0.0826	11.538	1	5	0.08667013347200554
GO:0004630	0.08407	11.538	1	5	0.08667013347200554
GO:0006308	0.08258	11.538	1	5	0.08667013347200554
GO:0004536	0.05009	19.229999999999997	1	3	0.05200208008320333
GO:0006801	0.21364	4.1207142857142856	1	14	0.24267637372161555
GO:0015074	0.34358	2.4037499999999996	1	24	0.41601664066562666
GO:0030131	0.14416	6.41	1	9	0.15600624024961
GO:0042609	0.05173	19.229999999999997	1	3	0.05200208008320333
GO:0032039	0.14486	6.41	1	9	0.15600624024961
GO:0000724	0.60701	1.0884905660377358	1	53	0.9187034148032588
GO:0010212	0.18964	4.807499999999999	1	12	0.20800832033281333
GO:0030182	0.27023	3.205	1	18	0.31201248049922
GO:0051898	0.11509	8.241428571428571	1	7	0.12133818686080777
GO:0031313	0.03391	28.844999999999995	1	2	0.034668053388802224
GO:0042176	0.12871	7.211249999999999	1	8	0.1386722135552089
GO:0016790	0.08308	11.538	1	5	0.08667013347200554
GO:0006637	0.06772	14.422499999999998	1	4	0.06933610677760445
GO:0036042	0.05121	19.229999999999997	1	3	0.05200208008320333
GO:0047617	0.14335	6.41	1	9	0.15600624024961
GO:0052689	0.258	3.3935294117647063	1	17	0.29467845380481883
GO:0004177	0.46468	1.6025	1	36	0.62402496099844
GO:0006541	0.36579	2.2188461538461537	1	26	0.45068469405442885
GO:0004462	0.10017	9.614999999999998	1	6	0.10400416016640666
GO:0000184	0.26984	3.205	1	18	0.31201248049922
GO:0031146	0.01514	10.489090909090908	2	11	0.1906742936384122
GO:0019005	0.03476	6.787058823529413	2	17	0.29467845380481883
GO:0043022	0.47597	1.5591891891891891	1	37	0.641358987692841
GO:0019888	0.18984	4.807499999999999	1	12	0.20800832033281333
GO:0001822	0.343	2.4037499999999996	1	24	0.41601664066562666
GO:0001227	0.25687	3.3935294117647063	1	17	0.29467845380481883
GO:0007283	0.56355	1.2274468085106383	1	47	0.8146992546368522
GO:2000647	0.05113	19.229999999999997	1	3	0.05200208008320333
GO:1990837	0.23307	3.846	1	15	0.26001040041601664
GO:0000981	0.68582	0.8740909090909091	1	66	1.1440457618304731
GO:0035097	0.0835	11.538	1	5	0.08667013347200554
GO:0001228	0.50471	1.44225	1	40	0.6933610677760443
GO:0046974	0.03526	28.844999999999995	1	2	0.034668053388802224
GO:0042054	0.19149	4.807499999999999	1	12	0.20800832033281333
GO:0000977	0.37482	2.1366666666666663	1	27	0.46801872074883
GO:0000976	0.51892	1.3735714285714287	1	42	0.7280291211648465
GO:0042800	0.11727	8.241428571428571	1	7	0.12133818686080777
GO:0006311	0.01733	57.68999999999999	1	1	0.017334026694401112
GO:0140944	0.03414	28.844999999999995	1	2	0.034668053388802224
GO:0140999	0.05213	19.229999999999997	1	3	0.05200208008320333
GO:0010468	0.37792	2.1366666666666663	1	27	0.46801872074883
GO:0003700	0.7193	0.80125	1	72	1.24804992199688
GO:0046329	0.06777	14.422499999999998	1	4	0.06933610677760445
GO:0016607	0.7321	0.7692	1	75	1.3000520020800832
GO:0000118	0.17473	5.244545454545454	1	11	0.1906742936384122
GO:0030512	0.17846	5.244545454545454	1	11	0.1906742936384122
GO:0140297	0.37546	2.1366666666666663	1	27	0.46801872074883
GO:0009653	0.33085	2.508260869565217	1	23	0.39868261397122556
GO:0017053	0.12954	7.211249999999999	1	8	0.1386722135552089
GO:0022008	0.21706	4.1207142857142856	1	14	0.24267637372161555
GO:0060319	0.01733	57.68999999999999	1	1	0.017334026694401112
GO:0001755	0.162	5.769	1	10	0.17334026694401108
GO:0140713	0.05157	19.229999999999997	1	3	0.05200208008320333
GO:0007281	0.0999	9.614999999999998	1	6	0.10400416016640666
GO:0008781	0.01733	57.68999999999999	1	1	0.017334026694401112
GO:0006054	0.01733	57.68999999999999	1	1	0.017334026694401112
GO:0006814	0.34369	2.4037499999999996	1	24	0.41601664066562666
GO:0030838	0.21614	4.1207142857142856	1	14	0.24267637372161555
GO:0016477	0.46054	1.6482857142857141	1	35	0.6066909343040389
GO:0031258	0.03458	28.844999999999995	1	2	0.034668053388802224
GO:0000930	0.11445	8.241428571428571	1	7	0.12133818686080777
GO:0016197	0.33307	2.508260869565217	1	23	0.39868261397122556
GO:0032418	0.00765	14.422499999999998	2	8	0.1386722135552089
GO:0043015	0.20559	4.437692307692307	1	13	0.22534234702721442
GO:0000221	0.1902	4.807499999999999	1	12	0.20800832033281333
GO:0046961	0.34452	2.4037499999999996	1	24	0.41601664066562666
GO:1902600	0.62151	1.0489090909090908	1	55	0.9533714681920611
GO:0030117	0.40708	1.923	1	30	0.5200208008320333
GO:0043495	0.16166	5.769	1	10	0.17334026694401108
GO:0016747	0.59955	1.1094230769230768	1	52	0.9013693881088577
GO:0015629	0.61348	1.0683333333333331	1	54	0.93603744149766
GO:0031941	0.09834	9.614999999999998	1	6	0.10400416016640666
GO:1904262	0.24375	3.6056249999999994	1	16	0.2773444271104178
GO:0042149	0.17293	5.244545454545454	1	11	0.1906742936384122
GO:0000149	0.34095	2.4037499999999996	1	24	0.41601664066562666
GO:0016079	0.03434	28.844999999999995	1	2	0.034668053388802224
GO:1904115	0.23082	3.846	1	15	0.26001040041601664
GO:0001669	0.25843	3.3935294117647063	1	17	0.29467845380481883
GO:0002177	0.1601	5.769	1	10	0.17334026694401108
GO:0042742	0.5297	1.341627906976744	1	43	0.7453631478592477
GO:0006623	0.34425	2.4037499999999996	1	24	0.41601664066562666
GO:0000209	0.53032	1.341627906976744	1	43	0.7453631478592477
GO:0005874	0.83342	0.5655882352941176	1	102	1.7680707228289132
GO:0008420	0.10003	9.614999999999998	1	6	0.10400416016640666
GO:0017018	0.59793	1.1094230769230768	1	52	0.9013693881088577
GO:0004722	0.54681	1.282	1	45	0.7800312012480499
GO:0004721	0.65473	0.9457377049180328	1	61	1.0573756283584677
GO:0008915	0.01751	57.68999999999999	1	1	0.017334026694401112
GO:0005543	0.36465	2.2188461538461537	1	26	0.45068469405442885
GO:0008780	0.01731	57.68999999999999	1	1	0.017334026694401112
GO:0016746	0.84577	0.5442452830188679	1	106	1.8374068296065176
GO:0008610	0.35572	2.3076000000000003	1	25	0.4333506673600277
GO:0016410	0.05134	19.229999999999997	1	3	0.05200208008320333
GO:0103118	0.01731	57.68999999999999	1	1	0.017334026694401112
GO:0071922	0.01758	57.68999999999999	1	1	0.017334026694401112
GO:0008156	0.05086	19.229999999999997	1	3	0.05200208008320333
GO:0000070	0.17476	5.244545454545454	1	11	0.1906742936384122
GO:0072686	0.50539	1.44225	1	40	0.6933610677760443
GO:0140083	0.01758	57.68999999999999	1	1	0.017334026694401112
