class,intron_length,GC_intron,PPT_density,T_block_length,SRSF3_count,SRSF3_density,SRSF5_count,SRSF5_density,SRSF11_count,SRSF11_density,SRSF1_count,SRSF1_density,SRSF2_count,SRSF2_density,SRSF7_count,SRSF7_density,PCBP2_count,PCBP2_density,PCBP2_long_count,PCBP2_long_density,PCBP3_count,PCBP3_density,HNRNPH1_count,HNRNPH1_density,HNRNPF_count,HNRNPF_density,HNRNPA2B1_count,HNRNPA2B1_density,RBM25_count,RBM25_density,RBM6_count,RBM6_density,RBM39_count,RBM39_density,RBM24_count,RBM24_density,PTBP1_count,PTBP1_density,ESRP1_count,ESRP1_density,SS5_score,SS3_score,BP_count,rel_position,is_first_intron,upstream_exon_GC,upstream_exon_length,codon_optimality,decoy_5ss_count,decoy_3ss_count,decoy_total,SS5_accessibility,SS3_accessibility
1,1817,0.4232250963126032,0.6,8,19,10.456796917996698,0,0,4,2.2014309301045683,1,0.5503577325261421,0,0,0,0,20,11.00715465052284,0,0,1,0.5503577325261421,0,0,0,0,4,2.2014309301045683,0,0,0,0,4,2.2014309301045683,0,0,1,0.5503577325261421,1,0.5503577325261421,0.6666666666666666,4.888888888888889,0,0,1,0.24,50,0.8125,9,11,20,0.7777777777777778,0.6086956521739131
1,395,0.40759493670886077,0.4,4,2,5.063291139240506,0,0,0,0,1,2.531645569620253,0,0,0,0,2,5.063291139240506,0,0,0,0,0,0,0,0,0,0,0,0,0,0,0,0,0,0,0,0,0,0,1.6666666666666667,3.111111111111111,0,0,1,0.32,50,0.8125,9,7,16,0.3333333333333333,0.4347826086956522
1,949,0.3993677555321391,0.2,4,4,4.214963119072708,0,0,0,0,2,2.107481559536354,0,0,0,0,2,2.107481559536354,0,0,0,0,0,0,0,0,0,0,0,0,0,0,0,0,0,0,0,0,0,0,4,2.2222222222222223,0,0,1,0.24,50,0.625,11,4,15,0.6666666666666666,0.4782608695652174
1,478,0.6234309623430963,0.6666666666666666,3,4,8.368200836820083,3,6.276150627615063,2,4.184100418410042,1,2.092050209205021,0,0,0,0,13,27.196652719665273,0,0,1,2.092050209205021,1,2.092050209205021,0,0,2,4.184100418410042,0,0,0,0,3,6.276150627615063,1,2.092050209205021,1,2.092050209205021,0,0,2.333333333333333,4.888888888888889,0,0,1,0.68,50,0.1875,5,21,26,0.4444444444444445,0.1739130434782609
1,1088,0.6194852941176471,0.8,4,8,7.352941176470588,8,7.352941176470588,3,2.7573529411764706,4,3.676470588235294,0,0,0,0,31,28.49264705882353,0,0,3,2.7573529411764706,1,0.9191176470588235,0,0,5,4.595588235294118,3,2.7573529411764706,0,0,5,4.595588235294118,3,2.7573529411764706,1,0.9191176470588235,2,1.838235294117647,1.6666666666666667,5.333333333333333,0,0,1,0.62,50,0.125,5,19,24,0.4444444444444444,0.5652173913043479
1,1130,0.36902654867256635,0.5333333333333333,7,6,5.3097345132743365,0,0,0,0,0,0,0,0,0,0,6,5.3097345132743365,0,0,1,0.8849557522123894,0,0,0,0,1,0.8849557522123894,1,0.8849557522123894,0,0,1,0.8849557522123894,1,0.8849557522123894,0,0,2,1.7699115044247788,1.6666666666666667,4,1,0,1,0.3,50,0.5625,10,13,23,0.3333333333333333,0.6086956521739131
1,1299,0.6728252501924558,0.26666666666666666,4,7,5.388760585065436,9,6.928406466512702,3,2.309468822170901,6,4.618937644341802,0,0,0,0,65,50.03849114703618,2,1.539645881447267,3,2.309468822170901,2,1.539645881447267,0,0,4,3.079291762894534,2,1.539645881447267,0,0,23,17.705927636643572,2,1.539645881447267,2,1.539645881447267,1,0.7698229407236336,3.666666666666667,2.6666666666666665,0,0,1,0.64,50,0.3125,8,12,20,0.3333333333333333,0.13043478260869565
1,866,0.5923787528868361,0.5333333333333333,7,8,9.237875288683602,5,5.773672055427252,2,2.3094688221709005,2,2.3094688221709005,0,0,0,0,28,32.33256351039261,2,2.3094688221709005,4,4.618937644341801,0,0,0,0,4,4.618937644341801,2,2.3094688221709005,0,0,8,9.237875288683602,2,2.3094688221709005,3,3.464203233256351,0,0,2.666666666666667,4,0,0,1,0.38,50,0.8125,11,12,23,0.3333333333333333,0.30434782608695654
1,345,0.6463768115942029,0.26666666666666666,3,3,8.695652173913045,1,2.8985507246376816,2,5.797101449275363,1,2.8985507246376816,0,0,0,0,9,26.086956521739133,0,0,0,0,1,2.8985507246376816,0,0,2,5.797101449275363,0,0,1,2.8985507246376816,1,2.8985507246376816,1,2.8985507246376816,0,0,0,0,4.666666666666667,7.555555555555555,0,0,1,0.72,50,0.4375,11,14,25,0.4444444444444444,0.30434782608695654
1,416,0.6754807692307693,0.3333333333333333,3,1,2.4038461538461537,5,12.01923076923077,0,0,0,0,0,0,0,0,12,28.846153846153847,0,0,1,2.4038461538461537,0,0,0,0,0,0,0,0,1,2.4038461538461537,6,14.423076923076923,0,0,1,2.4038461538461537,0,0,2,4,0,0,1,0.54,50,0.5625,10,18,28,0.3333333333333333,0.391304347826087
1,438,0.3835616438356164,0.2,5,2,4.566210045662101,0,0,0,0,0,0,0,0,0,0,3,6.8493150684931505,0,0,0,0,0,0,0,0,0,0,0,0,0,0,0,0,0,0,0,0,0,0,2.666666666666667,1.7777777777777777,0,0,1,0.34,50,0.6875,8,8,16,0.4444444444444444,0.5652173913043478
1,777,0.44272844272844275,0.2,5,5,6.435006435006435,0,0,0,0,4,5.148005148005148,0,0,0,0,4,5.148005148005148,0,0,0,0,0,0,0,0,0,0,0,0,1,1.287001287001287,0,0,0,0,1,1.287001287001287,0,0,3,2.2222222222222223,0,0,1,0.28,50,0.75,15,13,28,0.6666666666666666,0.5217391304347826
1,507,0.6055226824457594,0.4666666666666667,4,5,9.861932938856016,2,3.9447731755424065,2,3.9447731755424065,3,5.9171597633136095,0,0,0,0,19,37.47534516765286,0,0,3,5.9171597633136095,0,0,0,0,2,3.9447731755424065,0,0,0,0,6,11.834319526627219,1,1.9723865877712032,5,9.861932938856016,0,0,3.6666666666666665,3.5555555555555554,0,0,1,0.6,50,0.4375,13,15,28,0,0.26086956521739135
1,810,0.6259259259259259,0.3333333333333333,4,6,7.4074074074074066,3,3.7037037037037033,6,7.4074074074074066,6,7.4074074074074066,0,0,0,0,20,24.691358024691358,0,0,3,3.7037037037037033,0,0,0,0,7,8.641975308641975,3,3.7037037037037033,0,0,5,6.172839506172839,2,2.4691358024691357,0,0,0,0,5,7.111111111111111,0,0,1,0.5,50,0.5,9,8,17,0.3333333333333333,0.30434782608695654
1,484,0.5723140495867769,0.6,4,3,6.198347107438017,1,2.066115702479339,0,0,2,4.132231404958678,0,0,0,0,10,20.66115702479339,0,0,1,2.066115702479339,1,2.066115702479339,1,2.066115702479339,1,2.066115702479339,2,4.132231404958678,0,0,1,2.066115702479339,1,2.066115702479339,0,0,2,4.132231404958678,2,4.888888888888889,0,0,1,0.52,50,0.375,12,10,22,0.1111111111111111,0.4347826086956522
1,337,0.5905044510385756,0.3333333333333333,4,5,14.836795252225519,3,8.90207715133531,0,0,2,5.9347181008902075,0,0,0,0,8,23.73887240356083,0,0,1,2.9673590504451037,1,2.9673590504451037,0,0,0,0,1,2.9673590504451037,0,0,0,0,0,0,1,2.9673590504451037,0,0,1.3333333333333333,2.2222222222222223,0,0,1,0.66,50,0.3125,10,14,24,0.5555555555555556,0.34782608695652173
1,320,0.596875,0.6666666666666666,3,5,15.625,0,0,1,3.125,1,3.125,0,0,0,0,5,15.625,0,0,0,0,0,0,0,0,1,3.125,0,0,0,0,1,3.125,0,0,0,0,2,6.25,8,5.333333333333333,0,0,1,0.66,50,0.25,13,19,32,0.3333333333333333,0.391304347826087
1,1090,0.6229357798165137,0.3333333333333333,4,10,9.174311926605505,5,4.587155963302752,0,0,4,3.6697247706422016,0,0,0,0,54,49.54128440366972,3,2.7522935779816513,10,9.174311926605505,0,0,0,0,0,0,0,0,2,1.8348623853211008,16,14.678899082568806,0,0,7,6.422018348623853,0,0,3.333333333333333,3.111111111111111,1,0,1,0.58,50,0.3125,6,24,30,0.4444444444444445,0.21739130434782608
1,643,0.5132192846034215,0.4666666666666667,5,5,7.776049766718507,0,0,1,1.5552099533437014,3,4.665629860031104,0,0,0,0,12,18.662519440124417,0,0,1,1.5552099533437014,0,0,0,0,1,1.5552099533437014,1,1.5552099533437014,0,0,0,0,0,0,1,1.5552099533437014,0,0,2.666666666666667,4.444444444444445,1,0,1,0.4,50,0.4375,14,19,33,0.3333333333333333,0.7391304347826086
1,1094,0.520109689213894,0.4666666666666667,5,9,8.22669104204753,2,1.8281535648994514,2,1.8281535648994514,3,2.742230347349177,0,0,0,0,19,17.367458866544787,0,0,3,2.742230347349177,1,0.9140767824497257,0,0,3,2.742230347349177,2,1.8281535648994514,1,0.9140767824497257,1,0.9140767824497257,1,0.9140767824497257,1,0.9140767824497257,1,0.9140767824497257,10,4.444444444444445,1,0,1,0.42,50,0.5625,11,19,30,0.2222222222222222,0.7391304347826086
1,344,0.5988372093023255,0.7333333333333333,5,6,17.44186046511628,3,8.72093023255814,0,0,1,2.906976744186047,0,0,0,0,13,37.79069767441861,0,0,2,5.813953488372094,1,2.906976744186047,0,0,0,0,1,2.906976744186047,0,0,1,2.906976744186047,0,0,0,0,0,0,4.333333333333333,5.333333333333333,0,0,1,0.66,50,0.1875,8,14,22,0.5555555555555556,0.5652173913043479
1,241,0.6556016597510373,0.4,3,2,8.298755186721992,1,4.149377593360996,0,0,1,4.149377593360996,0,0,0,0,7,29.04564315352697,0,0,1,4.149377593360996,0,0,0,0,0,0,0,0,0,0,0,0,0,0,1,4.149377593360996,0,0,5.333333333333334,3.5555555555555554,0,0,1,0.56,50,0.4375,11,15,26,0.1111111111111111,0.2173913043478261
1,470,0.3638297872340426,0.4,7,3,6.382978723404256,0,0,0,0,0,0,0,0,0,0,0,0,0,0,0,0,0,0,0,0,0,0,0,0,0,0,0,0,0,0,0,0,0,0,7,3.5555555555555554,0,0,1,0.44,50,0.6875,14,15,29,0.1111111111111111,0.8260869565217391
1,3219,0.4358496427461945,0.4,11,15,4.659832246039143,1,0.3106554830692762,5,1.5532774153463809,6,1.8639328984156571,0,0,0,0,26,8.07704255980118,0,0,1,0.3106554830692762,0,0,0,0,5,1.5532774153463809,2,0.6213109661385524,0,0,9,2.7958993476234855,2,0.6213109661385524,3,0.9319664492078286,3,0.9319664492078286,4.333333333333333,3.5555555555555554,0,0,1,0.32,50,0.625,13,10,23,0.5555555555555556,0.6086956521739131
1,567,0.564373897707231,0.3333333333333333,4,4,7.0546737213403885,1,1.7636684303350971,4,7.0546737213403885,3,5.291005291005291,0,0,0,0,16,28.218694885361554,0,0,2,3.5273368606701943,0,0,0,0,5,8.818342151675486,2,3.5273368606701943,1,1.7636684303350971,3,5.291005291005291,2,3.5273368606701943,2,3.5273368606701943,0,0,1.6666666666666667,2.6666666666666665,0,0,1,0.6,50,0.5625,14,16,30,0.4444444444444444,0.391304347826087
1,240,0.48333333333333334,0.4,4,3,12.5,0,0,0,0,0,0,0,0,0,0,0,0,0,0,1,4.166666666666667,0,0,0,0,0,0,0,0,0,0,1,4.166666666666667,0,0,0,0,0,0,1.6666666666666667,3.111111111111111,0,0,1,0.58,50,0.3125,10,21,31,0.4444444444444444,0.34782608695652173
1,427,0.6533957845433255,0.6,3,0,0,4,9.36768149882904,0,0,0,0,0,0,0,0,23,53.86416861826698,0,0,2,4.68384074941452,1,2.34192037470726,0,0,1,2.34192037470726,0,0,1,2.34192037470726,5,11.7096018735363,1,2.34192037470726,5,11.7096018735363,0,0,4.666666666666667,4.888888888888889,0,0,1,0.64,50,0.4375,11,16,27,0.3333333333333333,0.1739130434782609
1,356,0.651685393258427,0.4666666666666667,4,5,14.04494382022472,1,2.808988764044944,2,5.617977528089888,6,16.853932584269664,0,0,0,0,9,25.280898876404496,0,0,0,0,0,0,0,0,4,11.235955056179776,1,2.808988764044944,0,0,1,2.808988764044944,2,5.617977528089888,0,0,0,0,4.333333333333334,3.111111111111111,0,0,1,0.78,50,0.3125,9,9,18,0.2222222222222222,0.4347826086956522
1,819,0.4236874236874237,0.2,6,10,12.210012210012211,1,1.221001221001221,2,2.442002442002442,2,2.442002442002442,0,0,0,0,4,4.884004884004884,0,0,0,0,0,0,0,0,2,2.442002442002442,0,0,0,0,1,1.221001221001221,1,1.221001221001221,0,0,0,0,1.6666666666666667,1.7777777777777777,0,0,1,0.16,50,0.6875,4,15,19,0.4444444444444444,0.6521739130434783
1,448,0.5580357142857143,0.2,5,3,6.696428571428571,3,6.696428571428571,0,0,1,2.232142857142857,0,0,0,0,14,31.25,1,2.232142857142857,1,2.232142857142857,0,0,0,0,0,0,0,0,0,0,4,8.928571428571429,0,0,1,2.232142857142857,0,0,1.6666666666666667,0.8888888888888888,0,0,1,0.5,50,0.5625,11,25,36,0.4444444444444444,0.30434782608695654
1,2162,0.3963922294172063,0.4,7,18,8.325624421831638,0,0,0,0,4,1.8501387604070305,0,0,0,0,15,6.938020351526364,0,0,2,0.9250693802035153,0,0,0,0,0,0,1,0.46253469010175763,0,0,4,1.8501387604070305,0,0,2,0.9250693802035153,1,0.46253469010175763,6.666666666666667,3.111111111111111,0,0,1,0.34,50,0.625,9,12,21,0.7777777777777778,0.34782608695652173
1,405,0.5753086419753086,0.4,3,2,4.938271604938271,0,0,0,0,1,2.4691358024691357,0,0,0,0,4,9.876543209876543,0,0,1,2.4691358024691357,1,2.4691358024691357,0,0,1,2.4691358024691357,0,0,0,0,0,0,1,2.4691358024691357,0,0,0,0,7.666666666666667,8,1,0,1,0.42,50,0.625,6,21,27,0.3333333333333333,0.34782608695652173
1,678,0.5825958702064897,0.5333333333333333,4,3,4.424778761061947,2,2.949852507374631,2,2.949852507374631,5,7.374631268436578,0,0,0,0,13,19.1740412979351,0,0,1,1.4749262536873156,1,1.4749262536873156,0,0,3,4.424778761061947,4,5.899705014749262,1,1.4749262536873156,0,0,2,2.949852507374631,0,0,0,0,4.333333333333333,4,0,0,1,0.58,50,0.375,10,19,29,0.5555555555555556,0.34782608695652173
1,1855,0.3433962264150943,0.3333333333333333,10,9,4.8517520215633425,0,0,0,0,1,0.5390835579514824,0,0,0,0,11,5.929919137466308,0,0,0,0,0,0,0,0,0,0,0,0,1,0.5390835579514824,1,0.5390835579514824,0,0,1,0.5390835579514824,0,0,2.333333333333333,8,0,0,1,0.36,50,0.6875,8,12,20,0.5555555555555556,0.43478260869565216
1,759,0.5335968379446641,0.4666666666666667,4,8,10.540184453227932,1,1.3175230566534915,3,3.952569169960474,2,2.635046113306983,0,0,0,0,16,21.080368906455863,0,0,2,2.635046113306983,1,1.3175230566534915,0,0,3,3.952569169960474,3,3.952569169960474,0,0,4,5.270092226613966,0,0,2,2.635046113306983,1,1.3175230566534915,5.333333333333334,4,0,0,1,0.54,50,0.5,9,26,35,0.1111111111111111,0.4782608695652174
1,278,0.4892086330935252,0.26666666666666666,5,4,14.388489208633093,0,0,0,0,0,0,0,0,0,0,5,17.985611510791365,1,3.5971223021582732,0,0,0,0,0,0,0,0,0,0,0,0,1,3.5971223021582732,0,0,1,3.5971223021582732,0,0,1.3333333333333333,2.2222222222222223,0,0,1,0.52,50,0.5,9,19,28,0.4444444444444445,0.34782608695652173
1,639,0.5915492957746479,0.26666666666666666,5,4,6.259780907668231,4,6.259780907668231,3,4.694835680751174,1,1.5649452269170578,0,0,0,0,19,29.7339593114241,0,0,1,1.5649452269170578,1,1.5649452269170578,0,0,4,6.259780907668231,3,4.694835680751174,0,0,6,9.389671361502348,2,3.1298904538341157,3,4.694835680751174,2,3.1298904538341157,1.3333333333333333,1.7777777777777777,1,0,1,0.56,50,0.5,7,14,21,0.5555555555555556,0.4782608695652174
1,2551,0.45707565660525284,0.4666666666666667,8,25,9.800078400627205,1,0.3920031360250882,0,0,2,0.7840062720501764,0,0,0,0,37,14.504116032928263,0,0,7,2.744021952175617,1,0.3920031360250882,0,0,0,0,2,0.7840062720501764,3,1.1760094080752646,13,5.096040768326146,0,0,1,0.3920031360250882,1,0.3920031360250882,9.333333333333334,3.5555555555555554,0,0,1,0.32,50,0.5625,13,6,19,0.5555555555555556,0.7391304347826086
1,483,0.556935817805383,0.4666666666666667,4,0,0,3,6.211180124223603,2,4.140786749482402,0,0,0,0,0,0,9,18.633540372670808,0,0,0,0,0,0,0,0,3,6.211180124223603,1,2.070393374741201,0,0,2,4.140786749482402,1,2.070393374741201,1,2.070393374741201,1,2.070393374741201,2,2.6666666666666665,0,0,1,0.46,50,0.5,11,14,25,0.2222222222222222,0.5652173913043479
1,1261,0.4425059476605868,0.26666666666666666,8,11,8.72323552735924,0,0,2,1.5860428231562254,1,0.7930214115781127,0,0,0,0,3,2.379064234734338,0,0,2,1.5860428231562254,2,1.5860428231562254,0,0,3,2.379064234734338,1,0.7930214115781127,0,0,3,2.379064234734338,2,1.5860428231562254,0,0,2,1.5860428231562254,3.333333333333333,2.6666666666666665,1,0,1,0.24,50,0.75,17,17,34,0.4444444444444445,0.782608695652174
1,3146,0.3893833439287985,0.26666666666666666,14,18,5.7215511760966304,4,1.2714558169103625,2,0.6357279084551812,2,0.6357279084551812,0,0,0,0,28,8.900190718372537,1,0.3178639542275906,4,1.2714558169103625,1,0.3178639542275906,0,0,2,0.6357279084551812,3,0.9535918626827719,0,0,8,2.542911633820725,0,0,3,0.9535918626827719,1,0.3178639542275906,3.333333333333333,2.6666666666666665,0,0,1,0.38,50,0.4375,8,22,30,0.5555555555555556,0.391304347826087
1,1331,0.535687453042825,0.3333333333333333,4,16,12.021036814425244,1,0.7513148009015778,0,0,3,2.2539444027047333,0,0,0,0,28,21.036814425244177,0,0,2,1.5026296018031555,3,2.2539444027047333,0,0,1,0.7513148009015778,2,1.5026296018031555,0,0,6,4.507888805409467,1,0.7513148009015778,3,2.2539444027047333,1,0.7513148009015778,8.666666666666666,2.6666666666666665,0,0,1,0.54,50,0.5625,6,16,22,0.3333333333333333,0.4347826086956522
1,1247,0.5501202886928629,0.26666666666666666,4,7,5.613472333600641,4,3.2076984763432232,2,1.6038492381716116,8,6.4153969526864465,0,0,0,0,19,15.236567762630312,0,0,1,0.8019246190858058,1,0.8019246190858058,0,0,4,3.2076984763432232,2,1.6038492381716116,1,0.8019246190858058,2,1.6038492381716116,2,1.6038492381716116,1,0.8019246190858058,3,2.4057738572574174,5,3.111111111111111,0,0,1,0.56,50,0.375,7,8,15,0.2222222222222222,0.21739130434782608
1,544,0.6286764705882353,0.26666666666666666,4,4,7.352941176470588,3,5.514705882352941,1,1.838235294117647,4,7.352941176470588,0,0,0,0,16,29.41176470588235,0,0,1,1.838235294117647,4,7.352941176470588,1,1.838235294117647,4,7.352941176470588,4,7.352941176470588,0,0,1,1.838235294117647,3,5.514705882352941,0,0,4,7.352941176470588,3,1.7777777777777777,0,0,1,0.64,50,0.4375,15,18,33,0.2222222222222222,0.5652173913043479
1,388,0.6005154639175257,0.7333333333333333,5,6,15.463917525773196,4,10.309278350515463,0,0,0,0,0,0,0,0,10,25.77319587628866,0,0,1,2.5773195876288657,1,2.5773195876288657,0,0,1,2.5773195876288657,1,2.5773195876288657,1,2.5773195876288657,5,12.88659793814433,1,2.5773195876288657,1,2.5773195876288657,1,2.5773195876288657,2,5.333333333333333,0,0,1,0.68,50,0.375,8,19,27,0.6666666666666666,0.6956521739130435
1,270,0.6777777777777778,0.5333333333333333,2,1,3.7037037037037033,2,7.4074074074074066,1,3.7037037037037033,1,3.7037037037037033,0,0,0,0,11,40.74074074074074,0,0,0,0,1,3.7037037037037033,0,0,2,7.4074074074074066,2,7.4074074074074066,0,0,2,7.4074074074074066,1,3.7037037037037033,0,0,0,0,2.333333333333333,4.888888888888889,1,0,1,0.56,50,0.5,1,10,11,0.5555555555555556,0.391304347826087
1,542,0.6273062730627307,0.4,4,2,3.6900369003690034,5,9.225092250922508,2,3.6900369003690034,1,1.8450184501845017,0,0,0,0,13,23.98523985239852,2,3.6900369003690034,1,1.8450184501845017,0,0,0,0,2,3.6900369003690034,3,5.535055350553505,0,0,4,7.380073800738007,1,1.8450184501845017,2,3.6900369003690034,1,1.8450184501845017,2,3.5555555555555554,0,0,1,0.48,50,0.5625,11,10,21,0.2222222222222222,0.17391304347826086
1,494,0.5242914979757085,0.26666666666666666,4,2,4.048582995951417,1,2.0242914979757085,2,4.048582995951417,1,2.0242914979757085,0,0,0,0,12,24.291497975708502,0,0,1,2.0242914979757085,0,0,0,0,2,4.048582995951417,0,0,0,0,0,0,0,0,0,0,0,0,4.666666666666667,3.5555555555555554,1,0,1,0.42,50,0.6875,9,19,28,0.3333333333333333,0.43478260869565216
1,1122,0.5811051693404634,0.5333333333333333,3,8,7.1301247771836,6,5.3475935828877,4,3.5650623885918,5,4.45632798573975,0,0,0,0,36,32.085561497326204,1,0.89126559714795,1,0.89126559714795,1,0.89126559714795,0,0,7,6.23885918003565,1,0.89126559714795,1,0.89126559714795,7,6.23885918003565,5,4.45632798573975,4,3.5650623885918,1,0.89126559714795,3.666666666666667,5.333333333333333,0,0,1,0.54,50,0.4375,9,17,26,0.3333333333333333,0.5217391304347826
1,269,0.5724907063197026,0.4666666666666667,4,0,0,0,0,0,0,0,0,0,0,0,0,7,26.022304832713754,0,0,0,0,0,0,0,0,0,0,0,0,0,0,3,11.152416356877323,0,0,3,11.152416356877323,0,0,3.333333333333333,3.111111111111111,0,0,1,0.48,50,0.5625,9,13,22,0.5555555555555556,0.5652173913043479
1,455,0.5692307692307692,0.5333333333333333,4,5,10.989010989010989,1,2.1978021978021975,1,2.1978021978021975,1,2.1978021978021975,0,0,0,0,10,21.978021978021978,0,0,1,2.1978021978021975,2,4.395604395604395,1,2.1978021978021975,5,10.989010989010989,3,6.593406593406593,0,0,3,6.593406593406593,4,8.79120879120879,1,2.1978021978021975,2,4.395604395604395,4.666666666666667,4.444444444444445,0,0,1,0.48,50,0.5,12,18,30,0.3333333333333333,0.21739130434782608
1,1235,0.4898785425101215,0.4666666666666667,4,13,10.526315789473683,1,0.8097165991902834,5,4.048582995951417,4,3.2388663967611335,0,0,0,0,16,12.955465587044534,0,0,2,1.6194331983805668,1,0.8097165991902834,0,0,7,5.668016194331983,3,2.42914979757085,0,0,2,1.6194331983805668,3,2.42914979757085,4,3.2388663967611335,1,0.8097165991902834,2.6666666666666665,4,0,0,1,0.4,50,0.5625,10,20,30,0.7777777777777778,0.26086956521739135
1,479,0.40083507306889354,0.26666666666666666,5,0,0,0,0,0,0,0,0,0,0,0,0,8,16.701461377870565,0,0,0,0,0,0,0,0,0,0,0,0,0,0,1,2.0876826722338206,0,0,0,0,0,0,1.6666666666666667,2.6666666666666665,0,0,1,0.24,50,0.75,4,11,15,0.3333333333333333,0.5652173913043479
1,1208,0.5264900662251656,0.4666666666666667,4,9,7.450331125827815,2,1.6556291390728477,1,0.8278145695364238,7,5.794701986754967,0,0,0,0,25,20.695364238410598,0,0,2,1.6556291390728477,1,0.8278145695364238,0,0,1,0.8278145695364238,1,0.8278145695364238,0,0,6,4.966887417218543,0,0,2,1.6556291390728477,2,1.6556291390728477,9.666666666666666,3.5555555555555554,0,0,1,0.5,50,0.5625,11,13,24,0.4444444444444444,0.30434782608695654
1,1370,0.5554744525547445,0.2,4,19,13.86861313868613,2,1.4598540145985401,2,1.4598540145985401,6,4.37956204379562,0,0,0,0,36,26.27737226277372,0,0,3,2.18978102189781,0,0,0,0,2,1.4598540145985401,0,0,1,0.7299270072992701,15,10.94890510948905,1,0.7299270072992701,6,4.37956204379562,1,0.7299270072992701,8.333333333333334,2.6666666666666665,0,0,1,0.62,50,0.3125,9,13,22,0.1111111111111111,0.4347826086956522
1,3108,0.36904761904761907,0.4666666666666667,20,22,7.078507078507078,0,0,1,0.32175032175032175,1,0.32175032175032175,0,0,0,0,15,4.826254826254826,0,0,0,0,1,0.32175032175032175,0,0,2,0.6435006435006435,1,0.32175032175032175,1,0.32175032175032175,3,0.9652509652509652,1,0.32175032175032175,2,0.6435006435006435,1,0.32175032175032175,3,3.5555555555555554,1,0,1,0.28,50,0.9375,4,12,16,0.5555555555555556,0.6521739130434783
1,573,0.6020942408376964,0.6666666666666666,3,5,8.726003490401396,3,5.235602094240838,4,6.980802792321118,3,5.235602094240838,0,0,0,0,18,31.413612565445028,0,0,5,8.726003490401396,0,0,0,0,5,8.726003490401396,3,5.235602094240838,1,1.7452006980802794,5,8.726003490401396,4,6.980802792321118,2,3.490401396160559,0,0,3.3333333333333335,4.888888888888889,0,0,1,0.6,50,0.3125,7,15,22,0.1111111111111111,0.43478260869565216
1,331,0.6102719033232629,0.3333333333333333,2,3,9.06344410876133,0,0,0,0,2,6.042296072507552,0,0,0,0,10,30.211480362537763,0,0,2,6.042296072507552,0,0,0,0,0,0,0,0,2,6.042296072507552,2,6.042296072507552,0,0,0,0,1,3.021148036253776,2.666666666666667,3.111111111111111,0,0,1,0.58,50,0.5625,12,14,26,0.3333333333333333,0.391304347826087
1,412,0.5485436893203883,0.6,3,6,14.563106796116505,1,2.4271844660194177,0,0,0,0,0,0,0,0,10,24.271844660194176,0,0,4,9.708737864077671,1,2.4271844660194177,0,0,1,2.4271844660194177,0,0,0,0,5,12.135922330097088,1,2.4271844660194177,2,4.8543689320388355,0,0,2.3333333333333335,5.333333333333333,1,0,1,0.56,50,0.3125,12,13,25,0.1111111111111111,0.4782608695652174
1,1838,0.382480957562568,0.26666666666666666,8,14,7.616974972796518,0,0,2,1.088139281828074,2,1.088139281828074,0,0,0,0,7,3.808487486398259,0,0,0,0,0,0,0,0,2,1.088139281828074,1,0.544069640914037,0,0,5,2.720348204570185,0,0,2,1.088139281828074,0,0,1,2.2222222222222223,0,0,1,0.1,50,0.9375,10,15,25,0.6666666666666666,0.6521739130434783
1,1195,0.5213389121338912,0.26666666666666666,5,4,3.3472803347280333,1,0.8368200836820083,3,2.510460251046025,4,3.3472803347280333,0,0,0,0,18,15.06276150627615,0,0,2,1.6736401673640167,0,0,0,0,3,2.510460251046025,1,0.8368200836820083,0,0,4,3.3472803347280333,0,0,1,0.8368200836820083,0,0,1.6666666666666667,1.7777777777777777,0,0,1,0.56,50,0.1875,11,23,34,0.3333333333333333,0.34782608695652173
1,480,0.5854166666666667,0.6,5,4,8.333333333333334,3,6.25,0,0,0,0,0,0,0,0,17,35.41666666666667,0,0,3,6.25,0,0,0,0,0,0,1,2.0833333333333335,0,0,3,6.25,0,0,0,0,1,2.0833333333333335,1.6666666666666667,4.444444444444445,0,0,1,0.56,50,0.4375,8,16,24,0.4444444444444444,0.2608695652173913
1,1848,0.40476190476190477,0.4666666666666667,10,9,4.87012987012987,1,0.5411255411255411,0,0,2,1.0822510822510822,0,0,0,0,21,11.363636363636363,0,0,3,1.6233766233766234,0,0,0,0,0,0,0,0,1,0.5411255411255411,3,1.6233766233766234,0,0,2,1.0822510822510822,0,0,2,3.5555555555555554,1,0,1,0.24,50,0.8125,6,17,23,0.6666666666666666,0.5217391304347826
1,1059,0.4145420207743154,0.4,5,6,5.6657223796034,0,0,1,0.9442870632672333,0,0,0,0,0,0,13,12.275731822474032,0,0,0,0,0,0,0,0,1,0.9442870632672333,1,0.9442870632672333,0,0,1,0.9442870632672333,0,0,1,0.9442870632672333,0,0,2.666666666666667,3.111111111111111,0,0,1,0.38,50,0.5,11,16,27,0.3333333333333333,0.5652173913043479
1,1518,0.5678524374176548,0.2,5,12,7.905138339920948,7,4.61133069828722,7,4.61133069828722,10,6.587615283267457,0,0,0,0,30,19.76284584980237,1,0.6587615283267457,1,0.6587615283267457,0,0,0,0,9,5.928853754940711,4,2.635046113306983,1,0.6587615283267457,5,3.2938076416337285,4,2.635046113306983,1,0.6587615283267457,0,0,1.6666666666666667,1.7777777777777777,0,0,1,0.66,50,0.25,7,21,28,0.3333333333333333,0.2608695652173913
1,334,0.5688622754491018,0.26666666666666666,3,5,14.97005988023952,1,2.994011976047904,0,0,3,8.982035928143713,0,0,0,0,7,20.95808383233533,0,0,0,0,1,2.994011976047904,0,0,2,5.988023952095808,0,0,0,0,1,2.994011976047904,2,5.988023952095808,2,5.988023952095808,0,0,3.3333333333333335,2.2222222222222223,1,0,1,0.34,50,0.625,8,17,25,0.1111111111111111,0.5652173913043478
1,640,0.6265625,0.6666666666666666,4,8,12.5,6,9.375,1,1.5625,1,1.5625,0,0,0,0,27,42.1875,1,1.5625,1,1.5625,0,0,0,0,1,1.5625,2,3.125,0,0,11,17.1875,0,0,2,3.125,0,0,4,5.333333333333333,0,0,1,0.62,50,0.3125,5,12,17,0.2222222222222222,0.30434782608695654
1,433,0.44110854503464203,0.7333333333333333,6,3,6.928406466512702,0,0,1,2.3094688221709005,1,2.3094688221709005,0,0,0,0,6,13.856812933025404,0,0,0,0,0,0,0,0,1,2.3094688221709005,0,0,0,0,2,4.618937644341801,0,0,1,2.3094688221709005,0,0,1,5.333333333333333,0,0,1,0.26,50,0.75,13,11,24,0.6666666666666666,0.30434782608695654
1,1655,0.36737160120845924,0.2,7,8,4.833836858006042,0,0,0,0,2,1.2084592145015105,0,0,0,0,11,6.646525679758308,0,0,0,0,0,0,0,0,0,0,0,0,0,0,0,0,0,0,0,0,0,0,2,3.111111111111111,0,0,1,0.38,50,0.625,11,10,21,0.6666666666666666,0.5217391304347826
1,2303,0.3343465045592705,0.6666666666666666,11,11,4.776378636561008,0,0,1,0.43421623968736434,2,0.8684324793747287,0,0,0,0,6,2.605297438124186,0,0,0,0,0,0,0,0,1,0.43421623968736434,3,1.302648719062093,0,0,1,0.43421623968736434,0,0,1,0.43421623968736434,0,0,6.666666666666667,6.222222222222222,0,0,1,0.26,50,0.6875,11,11,22,0.3333333333333333,0.5217391304347826
1,1246,0.4839486356340289,0.5333333333333333,7,16,12.841091492776886,2,1.6051364365971108,0,0,2,1.6051364365971108,0,0,0,0,27,21.669341894060995,1,0.8025682182985554,1,0.8025682182985554,0,0,0,0,1,0.8025682182985554,0,0,1,0.8025682182985554,5,4.012841091492777,1,0.8025682182985554,3,2.407704654895666,0,0,5.333333333333334,4,0,0,1,0.46,50,0.625,11,14,25,0.1111111111111111,0.4347826086956522
1,2020,0.38663366336633664,0.5333333333333333,21,13,6.435643564356436,2,0.9900990099009901,1,0.49504950495049505,2,0.9900990099009901,0,0,0,0,14,6.930693069306931,0,0,1,0.49504950495049505,0,0,0,0,2,0.9900990099009901,2,0.9900990099009901,0,0,6,2.9702970297029703,1,0.49504950495049505,3,1.4851485148514851,0,0,8.333333333333334,3.111111111111111,0,0,1,0.24,50,0.625,6,12,18,0.5555555555555556,0.4347826086956522
1,1151,0.4005212858384014,0.2,6,4,3.475238922675934,0,0,2,1.737619461337967,2,1.737619461337967,0,0,0,0,4,3.475238922675934,0,0,0,0,0,0,0,0,2,1.737619461337967,0,0,0,0,0,0,0,0,0,0,0,0,8.333333333333334,2.2222222222222223,0,0,1,0.24,50,0.625,15,12,27,0.5555555555555556,0.5652173913043478
1,996,0.5030120481927711,0.2,8,5,5.020080321285141,1,1.0040160642570282,0,0,1,1.0040160642570282,0,0,0,0,20,20.080321285140563,1,1.0040160642570282,1,1.0040160642570282,1,1.0040160642570282,0,0,2,2.0080321285140563,3,3.0120481927710845,1,1.0040160642570282,7,7.028112449799197,2,2.0080321285140563,4,4.016064257028113,2,2.0080321285140563,4.666666666666667,2.6666666666666665,0,0,1,0.4,50,0.5,8,12,20,0.4444444444444444,0.34782608695652173
1,1106,0.5904159132007233,0.4,5,6,5.424954792043399,2,1.8083182640144664,2,1.8083182640144664,3,2.7124773960216997,0,0,0,0,22,19.89150090415913,1,0.9041591320072332,2,1.8083182640144664,0,0,0,0,2,1.8083182640144664,0,0,3,2.7124773960216997,4,3.6166365280289328,0,0,1,0.9041591320072332,1,0.9041591320072332,2,2.2222222222222223,0,0,1,0.66,50,0.375,6,16,22,0,0.13043478260869565
1,507,0.5128205128205128,0.4,4,0,0,1,1.9723865877712032,1,1.9723865877712032,3,5.9171597633136095,0,0,0,0,10,19.723865877712033,0,0,1,1.9723865877712032,1,1.9723865877712032,0,0,1,1.9723865877712032,1,1.9723865877712032,0,0,2,3.9447731755424065,1,1.9723865877712032,1,1.9723865877712032,0,0,3,3.5555555555555554,0,0,1,0.56,50,0.3125,5,9,14,0.2222222222222222,0.391304347826087
1,2557,0.5271802894016425,0.6666666666666666,6,20,7.821666014861165,9,3.5197497066875245,6,2.34649980445835,3,1.173249902229175,0,0,0,0,54,21.11849824012515,0,0,5,1.9554165037152913,3,1.173249902229175,1,0.3910833007430583,8,3.1286664059444664,2,0.7821666014861166,0,0,8,3.1286664059444664,6,2.34649980445835,6,2.34649980445835,1,0.3910833007430583,2,5.777777777777778,0,0,1,0.56,50,0.4375,7,14,21,0.2222222222222222,0.5652173913043479
1,461,0.44468546637744033,0.3333333333333333,4,5,10.845986984815617,0,0,0,0,1,2.1691973969631237,0,0,0,0,2,4.3383947939262475,0,0,0,0,0,0,0,0,0,0,0,0,1,2.1691973969631237,0,0,0,0,0,0,0,0,7.666666666666667,2.6666666666666665,0,0,1,0.4,50,0.6875,4,11,15,0.4444444444444444,0.5652173913043479
1,591,0.5888324873096447,0.6,4,7,11.844331641285956,1,1.6920473773265652,2,3.3840947546531304,3,5.0761421319796955,0,0,0,0,16,27.072758037225043,0,0,1,1.6920473773265652,2,3.3840947546531304,0,0,3,5.0761421319796955,1,1.6920473773265652,0,0,3,5.0761421319796955,1,1.6920473773265652,0,0,2,3.3840947546531304,1.3333333333333333,4.444444444444445,0,0,1,0.56,50,0.375,11,9,20,0.5555555555555556,0.17391304347826086
1,1809,0.4842454394693201,0.4,5,6,3.316749585406302,2,1.105583195135434,1,0.552791597567717,4,2.211166390270868,0,0,0,0,24,13.266998341625207,0,0,0,0,0,0,0,0,3,1.658374792703151,0,0,0,0,3,1.658374792703151,3,1.658374792703151,1,0.552791597567717,0,0,4.333333333333333,4.444444444444445,1,0,1,0.54,50,0.5,12,19,31,0.5555555555555556,0.34782608695652173
1,1888,0.4253177966101695,0.2,9,9,4.766949152542373,1,0.5296610169491526,1,0.5296610169491526,3,1.5889830508474576,0,0,0,0,18,9.533898305084746,0,0,3,1.5889830508474576,0,0,0,0,1,0.5296610169491526,1,0.5296610169491526,0,0,4,2.1186440677966103,0,0,4,2.1186440677966103,0,0,7.333333333333333,7.111111111111111,0,0,1,0.3,50,0.625,11,17,28,0.5555555555555556,0.13043478260869565
1,1146,0.5349040139616056,0.5333333333333333,16,11,9.598603839441537,4,3.490401396160559,2,1.7452006980802794,2,1.7452006980802794,0,0,0,0,16,13.961605584642236,0,0,2,1.7452006980802794,1,0.8726003490401397,1,0.8726003490401397,2,1.7452006980802794,4,3.490401396160559,1,0.8726003490401397,4,3.490401396160559,0,0,3,2.617801047120419,2,1.7452006980802794,1.6666666666666667,4.444444444444445,0,0,1,0.62,50,0.625,10,20,30,0.3333333333333333,0.6521739130434783
1,1160,0.5370689655172414,0.5333333333333333,16,11,9.482758620689657,4,3.4482758620689657,2,1.7241379310344829,2,1.7241379310344829,0,0,0,0,17,14.655172413793105,0,0,2,1.7241379310344829,1,0.8620689655172414,1,0.8620689655172414,2,1.7241379310344829,4,3.4482758620689657,1,0.8620689655172414,4,3.4482758620689657,0,0,3,2.586206896551724,2,1.7241379310344829,2.3333333333333335,4.444444444444445,0,0,1,0.64,50,0.3125,9,20,29,0,0.6521739130434783
1,1057,0.49479659413434246,0.26666666666666666,4,13,12.298959318826869,1,0.946073793755913,2,1.892147587511826,0,0,0,0,0,0,17,16.08325449385052,0,0,2,1.892147587511826,1,0.946073793755913,1,0.946073793755913,2,1.892147587511826,2,1.892147587511826,1,0.946073793755913,4,3.784295175023652,2,1.892147587511826,0,0,2,1.892147587511826,3.666666666666667,1.7777777777777777,0,0,1,0.58,50,0.375,6,11,17,0.4444444444444444,0.4347826086956522
1,2880,0.38333333333333336,0.4666666666666667,11,15,5.208333333333334,2,0.6944444444444444,0,0,8,2.7777777777777777,0,0,0,0,21,7.291666666666667,0,0,1,0.3472222222222222,1,0.3472222222222222,0,0,0,0,1,0.3472222222222222,0,0,4,1.3888888888888888,0,0,3,1.0416666666666667,1,0.3472222222222222,2.333333333333333,3.111111111111111,1,0,1,0.42,50,0.5,12,12,24,0.4444444444444445,0.782608695652174
1,371,0.4636118598382749,0.26666666666666666,4,2,5.390835579514825,1,2.6954177897574123,1,2.6954177897574123,1,2.6954177897574123,0,0,0,0,2,5.390835579514825,0,0,0,0,0,0,0,0,1,2.6954177897574123,0,0,0,0,1,2.6954177897574123,0,0,0,0,0,0,3,3.5555555555555554,0,0,1,0.38,50,0.6875,10,23,33,0.6666666666666666,0.5217391304347826
1,784,0.4477040816326531,0.3333333333333333,10,4,5.1020408163265305,1,1.2755102040816326,1,1.2755102040816326,3,3.826530612244898,0,0,0,0,5,6.377551020408163,0,0,0,0,0,0,0,0,1,1.2755102040816326,0,0,0,0,2,2.5510204081632653,0,0,1,1.2755102040816326,0,0,3,3.111111111111111,0,0,1,0.38,50,0.6875,10,15,25,0.6666666666666666,0.5217391304347826
1,1915,0.404177545691906,0.2,8,7,3.6553524804177546,0,0,1,0.5221932114882506,5,2.6109660574412534,0,0,0,0,15,7.83289817232376,0,0,2,1.0443864229765012,2,1.0443864229765012,0,0,1,0.5221932114882506,1,0.5221932114882506,0,0,0,0,0,0,0,0,1,0.5221932114882506,3.666666666666667,2.2222222222222223,0,0,1,0.24,50,0.75,17,13,30,0.4444444444444444,0.5217391304347826
1,1209,0.6244830438378826,0.3333333333333333,7,6,4.962779156327543,8,6.617038875103391,1,0.8271298593879238,4,3.3085194375516953,0,0,0,0,21,17.3697270471464,0,0,1,0.8271298593879238,1,0.8271298593879238,0,0,6,4.962779156327543,1,0.8271298593879238,1,0.8271298593879238,4,3.3085194375516953,5,4.1356492969396195,1,0.8271298593879238,0,0,2,3.111111111111111,1,0,1,0.76,50,0,11,16,27,0.3333333333333333,0.2173913043478261
1,390,0.5769230769230769,0.26666666666666666,3,5,12.82051282051282,2,5.128205128205128,0,0,0,0,0,0,0,0,3,7.692307692307692,0,0,0,0,1,2.564102564102564,0,0,0,0,0,0,0,0,1,2.564102564102564,0,0,0,0,0,0,2.666666666666667,1.7777777777777777,0,0,1,0.52,50,0.5,4,12,16,0.3333333333333333,0.30434782608695654
1,2127,0.4687353079454631,0.4,5,18,8.462623413258111,2,0.9402914903620123,3,1.4104372355430186,3,1.4104372355430186,0,0,0,0,38,17.865538316878233,0,0,8,3.7611659614480493,1,0.47014574518100616,0,0,3,1.4104372355430186,2,0.9402914903620123,0,0,8,3.7611659614480493,0,0,7,3.291020216267043,2,0.9402914903620123,4.333333333333333,3.5555555555555554,0,0,1,0.36,50,0.625,8,15,23,0.5555555555555556,0.6086956521739131
1,1045,0.6124401913875598,0.4,5,5,4.784688995215311,3,2.870813397129187,1,0.9569377990430623,3,2.870813397129187,0,0,0,0,27,25.837320574162682,0,0,0,0,1,0.9569377990430623,0,0,2,1.9138755980861246,2,1.9138755980861246,0,0,4,3.8277511961722492,1,0.9569377990430623,1,0.9569377990430623,0,0,3.666666666666667,3.5555555555555554,0,0,1,0.66,50,0.375,10,14,24,0.4444444444444444,0.4347826086956522
1,756,0.5026455026455027,0.2,4,3,3.9682539682539684,0,0,1,1.3227513227513228,1,1.3227513227513228,0,0,0,0,17,22.486772486772487,0,0,6,7.936507936507937,1,1.3227513227513228,0,0,1,1.3227513227513228,2,2.6455026455026456,0,0,3,3.9682539682539684,1,1.3227513227513228,1,1.3227513227513228,0,0,2.666666666666667,3.111111111111111,0,0,1,0.54,50,0.3125,6,16,22,0.4444444444444444,0.34782608695652173
1,653,0.4992343032159265,0.4666666666666667,5,3,4.594180704441041,2,3.0627871362940273,1,1.5313935681470137,2,3.0627871362940273,0,0,0,0,7,10.719754977029096,0,0,3,4.594180704441041,2,3.0627871362940273,0,0,2,3.0627871362940273,1,1.5313935681470137,0,0,0,0,1,1.5313935681470137,0,0,1,1.5313935681470137,3,3.5555555555555554,0,0,1,0.5,50,0.6875,6,20,26,0.2222222222222222,0.26086956521739135
1,4086,0.34826235927557514,0.4,8,25,6.1184532550171316,3,0.7342143906020557,1,0.24473813020068524,7,1.7131669114047967,0,0,0,0,33,8.076358296622614,0,0,2,0.4894762604013705,0,0,0,0,1,0.24473813020068524,1,0.24473813020068524,0,0,9,2.202643171806167,0,0,3,0.7342143906020557,1,0.24473813020068524,2.666666666666667,3.5555555555555554,0,0,1,0.16,50,0.875,12,10,22,0.2222222222222222,0.5217391304347826
1,986,0.6470588235294118,0.3333333333333333,3,7,7.099391480730223,5,5.070993914807302,5,5.070993914807302,3,3.0425963488843815,0,0,0,0,29,29.411764705882355,0,0,1,1.0141987829614605,3,3.0425963488843815,0,0,10,10.141987829614605,3,3.0425963488843815,0,0,9,9.1277890466531435,6,6.085192697768763,3,3.0425963488843815,1,1.0141987829614605,3,7.111111111111111,0,0,1,0.66,50,0.3125,10,14,24,0.2222222222222222,0.17391304347826086
1,2659,0.3606619029710417,0.26666666666666666,6,19,7.145543437382475,0,0,0,0,5,1.8804061677322303,0,0,0,0,18,6.769462203836029,0,0,1,0.37608123354644607,0,0,0,0,1,0.37608123354644607,0,0,0,0,1,0.37608123354644607,1,0.37608123354644607,0,0,0,0,3.666666666666667,2.2222222222222223,0,0,1,0.24,50,0.8125,10,12,22,0.4444444444444444,0.8260869565217391
1,1684,0.4317102137767221,0.26666666666666666,15,8,4.750593824228028,0,0,0,0,8,4.750593824228028,0,0,0,0,7,4.156769596199525,0,0,2,1.187648456057007,0,0,0,0,0,0,1,0.5938242280285035,0,0,0,0,0,0,0,0,2,1.187648456057007,2.333333333333333,3.111111111111111,0,0,1,0.46,50,0.4375,9,16,25,0.5555555555555556,0.4782608695652174
1,232,0.5689655172413793,0.26666666666666666,5,2,8.620689655172413,0,0,0,0,1,4.310344827586206,0,0,0,0,6,25.86206896551724,0,0,0,0,0,0,0,0,0,0,0,0,2,8.620689655172413,1,4.310344827586206,0,0,1,4.310344827586206,0,0,1.3333333333333333,2.2222222222222223,0,0,1,0.5,50,0.5625,4,11,15,0.4444444444444445,0.21739130434782608
1,437,0.5743707093821511,0.26666666666666666,4,1,2.288329519450801,0,0,0,0,5,11.441647597254004,0,0,0,0,6,13.729977116704806,0,0,0,0,0,0,0,0,0,0,0,0,0,0,0,0,0,0,0,0,0,0,2.3333333333333335,3.111111111111111,1,0,1,0.62,50,0.5,4,25,29,0.1111111111111111,0.2608695652173913
1,411,0.5985401459854015,0.4,2,1,2.4330900243309004,0,0,1,2.4330900243309004,0,0,0,0,0,0,7,17.0316301703163,0,0,0,0,1,2.4330900243309004,0,0,1,2.4330900243309004,1,2.4330900243309004,0,0,2,4.866180048661801,0,0,0,0,1,2.4330900243309004,2.3333333333333335,3.111111111111111,0,0,1,0.56,50,0.5625,8,13,21,0,0.17391304347826086
1,826,0.5544794188861986,0.6666666666666666,4,8,9.685230024213075,2,2.4213075060532687,3,3.6319612590799033,1,1.2106537530266344,0,0,0,0,13,15.738498789346249,0,0,2,2.4213075060532687,0,0,0,0,3,3.6319612590799033,1,1.2106537530266344,0,0,2,2.4213075060532687,0,0,0,0,0,0,1.6666666666666667,5.333333333333333,0,0,1,0.48,50,0.4375,4,18,22,0.3333333333333333,0.4347826086956522
1,1070,0.34766355140186916,0.4,5,4,3.7383177570093458,0,0,1,0.9345794392523364,1,0.9345794392523364,0,0,0,0,5,4.672897196261682,0,0,0,0,1,0.9345794392523364,0,0,1,0.9345794392523364,1,0.9345794392523364,0,0,0,0,0,0,0,0,1,0.9345794392523364,2,3.5555555555555554,0,0,1,0.38,50,0.6875,6,9,15,0.6666666666666666,0.5217391304347826
1,389,0.4961439588688946,0.3333333333333333,5,1,2.570694087403599,0,0,2,5.141388174807198,3,7.712082262210797,0,0,0,0,7,17.994858611825194,0,0,0,0,0,0,0,0,2,5.141388174807198,0,0,0,0,1,2.570694087403599,0,0,1,2.570694087403599,0,0,2,3.5555555555555554,0,0,1,0.36,50,0.5625,9,13,22,0.2222222222222222,0.4782608695652174
1,484,0.5681818181818182,0.2,5,2,4.132231404958678,0,0,1,2.066115702479339,3,6.198347107438017,0,0,0,0,11,22.727272727272727,0,0,0,0,0,0,0,0,1,2.066115702479339,1,2.066115702479339,0,0,1,2.066115702479339,0,0,0,0,0,0,3,2.2222222222222223,0,0,1,0.48,50,0.5,11,21,32,0.6666666666666666,0.2608695652173913
1,516,0.5445736434108527,0.3333333333333333,3,2,3.875968992248062,0,0,3,5.813953488372093,5,9.689922480620154,0,0,0,0,9,17.441860465116278,0,0,1,1.937984496124031,0,0,1,1.937984496124031,3,5.813953488372093,2,3.875968992248062,0,0,2,3.875968992248062,0,0,1,1.937984496124031,0,0,4.333333333333333,2.6666666666666665,1,0,1,0.54,50,0.5,10,7,17,0.4444444444444445,0.4782608695652174
1,1695,0.34277286135693213,0.3333333333333333,6,10,5.899705014749262,1,0.5899705014749262,2,1.1799410029498525,2,1.1799410029498525,0,0,0,0,8,4.71976401179941,0,0,0,0,0,0,0,0,2,1.1799410029498525,1,0.5899705014749262,0,0,2,1.1799410029498525,0,0,1,0.5899705014749262,0,0,3.3333333333333335,3.5555555555555554,0,0,1,0.26,50,0.5625,5,9,14,0.1111111111111111,0.782608695652174
1,4414,0.42274580879021295,0.3333333333333333,6,34,7.702763932940644,3,0.6796556411418215,4,0.9062075215224287,12,2.718622564567286,0,0,0,0,57,12.913457181694609,0,0,5,1.1327594019030358,0,0,0,0,5,1.1327594019030358,1,0.22655188038060717,0,0,9,2.0389669234254644,2,0.45310376076121434,7,1.5858631626642503,0,0,0.6666666666666666,3.5555555555555554,0,0,1,0.3,50,0.625,12,11,23,0.7777777777777778,0.7391304347826086
1,458,0.6179039301310044,0.6,4,6,13.100436681222707,1,2.1834061135371177,0,0,0,0,0,0,0,0,8,17.46724890829694,0,0,3,6.550218340611353,0,0,0,0,0,0,1,2.1834061135371177,0,0,3,6.550218340611353,0,0,1,2.1834061135371177,1,2.1834061135371177,4,5.333333333333333,1,0,1,0.68,50,0.3125,8,8,16,0.2222222222222222,0.043478260869565216
1,237,0.39662447257383965,0.6,5,5,21.09704641350211,0,0,0,0,0,0,0,0,0,0,1,4.219409282700422,0,0,0,0,0,0,0,0,0,0,0,0,0,0,0,0,0,0,0,0,0,0,7,4.444444444444445,1,0,1,0.12,50,0.875,8,18,26,0.6666666666666666,0.5217391304347827
1,2251,0.47800977343402934,0.8666666666666667,6,13,5.775211017325633,6,2.665482007996446,1,0.44424700133274103,4,1.7769880053309641,0,0,0,0,32,14.215904042647713,0,0,2,0.8884940026654821,0,0,0,0,1,0.44424700133274103,1,0.44424700133274103,0,0,6,2.665482007996446,0,0,4,1.7769880053309641,1,0.44424700133274103,10,6.222222222222222,1,0,1,0.44,50,0.6875,3,19,22,0.2222222222222222,0.30434782608695654
1,1415,0.384452296819788,0.26666666666666666,8,7,4.946996466431095,1,0.7067137809187279,0,0,0,0,0,0,0,0,20,14.134275618374557,1,0.7067137809187279,0,0,1,0.7067137809187279,0,0,0,0,1,0.7067137809187279,0,0,7,4.946996466431095,0,0,1,0.7067137809187279,0,0,2,2.6666666666666665,0,0,1,0.3,50,0.6875,12,5,17,0.6666666666666666,0.6521739130434783
1,514,0.5953307392996109,0.4666666666666667,4,2,3.8910505836575875,1,1.9455252918287937,0,0,2,3.8910505836575875,0,0,0,0,9,17.509727626459142,0,0,1,1.9455252918287937,2,3.8910505836575875,0,0,1,1.9455252918287937,0,0,0,0,1,1.9455252918287937,1,1.9455252918287937,2,3.8910505836575875,0,0,7.333333333333333,4.888888888888889,0,0,1,0.62,50,0.375,9,20,29,0.5555555555555556,0.3913043478260869
1,525,0.52,0.26666666666666666,5,1,1.9047619047619047,0,0,1,1.9047619047619047,0,0,0,0,0,0,7,13.333333333333332,0,0,0,0,0,0,0,0,2,3.8095238095238093,1,1.9047619047619047,0,0,1,1.9047619047619047,1,1.9047619047619047,0,0,0,0,1.6666666666666667,1.3333333333333333,0,0,1,0.48,50,0.5,14,17,31,0.3333333333333333,0.6956521739130435
1,634,0.6009463722397477,0.3333333333333333,3,2,3.1545741324921135,3,4.73186119873817,1,1.5772870662460567,5,7.886435331230284,0,0,0,0,10,15.772870662460567,0,0,2,3.1545741324921135,1,1.5772870662460567,0,0,4,6.309148264984227,2,3.1545741324921135,0,0,1,1.5772870662460567,3,4.73186119873817,0,0,1,1.5772870662460567,4.666666666666667,2.2222222222222223,0,0,1,0.54,50,0.4375,6,13,19,0.3333333333333333,0.3913043478260869
1,916,0.4683406113537118,0.6,8,6,6.550218340611353,3,3.2751091703056767,0,0,3,3.2751091703056767,0,0,0,0,9,9.825327510917031,0,0,2,2.1834061135371177,0,0,0,0,0,0,0,0,0,0,1,1.0917030567685588,0,0,1,1.0917030567685588,1,1.0917030567685588,3,4.444444444444445,1,0,1,0.3,50,0.8125,9,13,22,0.6666666666666666,0.6086956521739131
1,667,0.41529235382308843,0.5333333333333333,5,3,4.497751124437781,0,0,0,0,0,0,0,0,0,0,6,8.995502248875562,0,0,1,1.4992503748125936,0,0,0,0,0,0,0,0,0,0,0,0,0,0,0,0,0,0,1.6666666666666667,4.888888888888889,0,0,1,0.28,50,0.6875,7,11,18,0.4444444444444444,0.6956521739130435
1,2189,0.3777980813156693,0.26666666666666666,6,12,5.481955230698949,1,0.4568296025582458,3,1.3704888076747372,6,2.7409776153494745,0,0,0,0,10,4.568296025582458,0,0,0,0,0,0,0,0,3,1.3704888076747372,1,0.4568296025582458,0,0,0,0,0,0,0,0,0,0,4,2.6666666666666665,1,0,1,0.26,50,0.625,7,12,19,0.1111111111111111,0.6956521739130435
1,360,0.5472222222222223,0.2,5,2,5.555555555555555,1,2.7777777777777777,1,2.7777777777777777,0,0,0,0,0,0,7,19.444444444444446,0,0,1,2.7777777777777777,0,0,0,0,1,2.7777777777777777,1,2.7777777777777777,0,0,2,5.555555555555555,0,0,1,2.7777777777777777,0,0,5,5.777777777777778,0,0,1,0.44,50,0.5,5,13,18,0.3333333333333333,0.1739130434782609
1,689,0.6110304789550073,0.4,4,2,2.902757619738752,2,2.902757619738752,1,1.451378809869376,1,1.451378809869376,0,0,0,0,11,15.965166908563136,0,0,0,0,4,5.805515239477504,2,2.902757619738752,6,8.708272859216256,3,4.354136429608128,1,1.451378809869376,1,1.451378809869376,5,7.25689404934688,0,0,3,4.354136429608128,3,4.444444444444445,0,0,1,0.68,50,0.4375,8,16,24,0.3333333333333333,0.4782608695652174
1,494,0.6052631578947368,0.4666666666666667,5,3,6.0728744939271255,0,0,1,2.0242914979757085,2,4.048582995951417,0,0,0,0,8,16.194331983805668,0,0,0,0,3,6.0728744939271255,0,0,5,10.121457489878543,1,2.0242914979757085,1,2.0242914979757085,0,0,4,8.097165991902834,0,0,1,2.0242914979757085,8.666666666666666,2.6666666666666665,0,0,1,0.58,50,0.5,8,20,28,0.4444444444444444,0.4782608695652174
1,1895,0.645910290237467,0.4,5,6,3.1662269129287597,12,6.332453825857519,5,2.638522427440633,6,3.1662269129287597,0,0,0,0,69,36.41160949868074,1,0.5277044854881267,5,2.638522427440633,2,1.0554089709762533,0,0,9,4.74934036939314,2,1.0554089709762533,5,2.638522427440633,18,9.49868073878628,5,2.638522427440633,8,4.221635883905013,2,1.0554089709762533,3,2.6666666666666665,0,0,1,0.58,50,0.625,5,6,11,0.2222222222222222,0.34782608695652173
1,477,0.6079664570230608,0.26666666666666666,3,1,2.0964360587002098,1,2.0964360587002098,2,4.1928721174004195,0,0,0,0,0,0,11,23.060796645702307,0,0,1,2.0964360587002098,1,2.0964360587002098,0,0,2,4.1928721174004195,1,2.0964360587002098,0,0,1,2.0964360587002098,0,0,0,0,0,0,2.3333333333333335,3.111111111111111,0,0,1,0.58,50,0.5,9,13,22,0,0.34782608695652173
1,401,0.6683291770573566,0.3333333333333333,2,2,4.987531172069825,1,2.4937655860349124,1,2.4937655860349124,3,7.481296758104738,0,0,0,0,13,32.418952618453865,1,2.4937655860349124,0,0,1,2.4937655860349124,0,0,1,2.4937655860349124,0,0,0,0,1,2.4937655860349124,1,2.4937655860349124,1,2.4937655860349124,0,0,3.3333333333333335,4,0,0,1,0.72,50,0.375,5,18,23,0.1111111111111111,0.1739130434782609
1,3427,0.49489349285089,0.26666666666666666,5,31,9.04581266413773,6,1.7508024511234315,5,1.4590020426028596,4,1.1672016340822877,0,0,0,0,59,17.216224102713742,0,0,5,1.4590020426028596,2,0.5836008170411439,0,0,9,2.6262036766851473,3,0.8754012255617157,1,0.29180040852057193,17,4.960606944849722,6,1.7508024511234315,9,2.6262036766851473,3,0.8754012255617157,2.3333333333333335,3.111111111111111,0,0,1,0.56,50,0.4375,7,21,28,0,0.4347826086956522
1,899,0.3692992213570634,0.13333333333333333,11,4,4.4493882091212456,1,1.1123470522803114,0,0,0,0,0,0,0,0,5,5.561735261401557,0,0,1,1.1123470522803114,0,0,0,0,0,0,0,0,0,0,2,2.2246941045606228,0,0,0,0,0,0,4,1.7777777777777777,0,0,1,0.44,50,0.5,16,16,32,0.2222222222222222,0.782608695652174
1,704,0.5113636363636364,0.5333333333333333,5,10,14.204545454545455,2,2.8409090909090913,1,1.4204545454545456,4,5.6818181818181825,0,0,0,0,10,14.204545454545455,0,0,1,1.4204545454545456,0,0,0,0,1,1.4204545454545456,1,1.4204545454545456,0,0,0,0,0,0,0,0,0,0,1.3333333333333333,4,0,0,1,0.54,50,0.5,14,15,29,0.5555555555555556,0.391304347826087
1,3506,0.3476896748431261,0.4666666666666667,8,27,7.701083856246435,1,0.28522532800912725,1,0.28522532800912725,1,0.28522532800912725,0,0,0,0,9,2.567027952082145,0,0,0,0,0,0,0,0,1,0.28522532800912725,0,0,0,0,2,0.5704506560182545,0,0,0,0,0,0,4,4.444444444444445,0,0,1,0.26,50,0.9375,5,12,17,0.6666666666666666,0.5217391304347826
1,4965,0.40745216515609267,0.3333333333333333,9,34,6.847935548841893,10,2.014098690835851,5,1.0070493454179255,5,1.0070493454179255,0,0,0,0,66,13.293051359516618,1,0.2014098690835851,6,1.2084592145015105,0,0,0,0,6,1.2084592145015105,1,0.2014098690835851,1,0.2014098690835851,8,1.6112789526686808,1,0.2014098690835851,8,1.6112789526686808,1,0.2014098690835851,2.333333333333333,4,1,0,1,0.34,50,0.6875,11,13,24,0.4444444444444445,0.5652173913043478
1,2293,0.3597906672481465,0.5333333333333333,12,6,2.616659398168338,0,0,1,0.436109899694723,1,0.436109899694723,0,0,0,0,16,6.977758395115568,0,0,0,0,0,0,0,0,1,0.436109899694723,0,0,1,0.436109899694723,3,1.308329699084169,0,0,2,0.872219799389446,0,0,9,5.333333333333333,0,0,1,0.28,50,0.75,6,8,14,0.6666666666666666,0.6086956521739131
1,305,0.5049180327868853,0.4666666666666667,6,1,3.278688524590164,0,0,0,0,0,0,0,0,0,0,6,19.672131147540984,0,0,0,0,0,0,0,0,0,0,0,0,0,0,2,6.557377049180328,0,0,2,6.557377049180328,0,0,4.333333333333333,4.888888888888889,0,0,1,0.24,50,0.5,6,9,15,0.5555555555555556,0.6956521739130435
1,839,0.5125148986889154,0.4,4,5,5.959475566150179,1,1.1918951132300357,2,2.3837902264600714,5,5.959475566150179,0,0,0,0,7,8.34326579261025,0,0,2,2.3837902264600714,0,0,0,0,2,2.3837902264600714,1,1.1918951132300357,0,0,1,1.1918951132300357,0,0,0,0,0,0,4.666666666666667,4.444444444444445,0,0,1,0.54,50,0.625,8,14,22,0.4444444444444444,0.30434782608695654
1,570,0.543859649122807,0.6,3,2,3.5087719298245617,0,0,3,5.2631578947368425,1,1.7543859649122808,0,0,0,0,6,10.526315789473685,0,0,0,0,0,0,0,0,3,5.2631578947368425,4,7.017543859649123,0,0,1,1.7543859649122808,1,1.7543859649122808,0,0,0,0,1.6666666666666667,4,0,0,1,0.54,50,0.5625,9,14,23,0.4444444444444444,0.4782608695652174
1,570,0.543859649122807,0.6,3,2,3.5087719298245617,0,0,3,5.2631578947368425,1,1.7543859649122808,0,0,0,0,6,10.526315789473685,0,0,0,0,0,0,0,0,3,5.2631578947368425,4,7.017543859649123,0,0,1,1.7543859649122808,1,1.7543859649122808,0,0,0,0,1.6666666666666667,4,0,0,1,0.54,50,0.5625,9,14,23,0.4444444444444444,0.4782608695652174
1,1171,0.40905209222886424,0.3333333333333333,20,10,8.539709649871904,1,0.8539709649871904,0,0,0,0,0,0,0,0,16,13.663535439795046,0,0,3,2.561912894961571,0,0,0,0,0,0,0,0,0,0,4,3.4158838599487615,0,0,2,1.7079419299743808,0,0,1.6666666666666667,2.2222222222222223,0,0,1,0.26,50,0.75,8,12,20,0.3333333333333333,0.6086956521739131
1,1370,0.5912408759124088,0.4666666666666667,5,5,3.64963503649635,7,5.10948905109489,1,0.7299270072992701,3,2.18978102189781,0,0,0,0,37,27.00729927007299,0,0,6,4.37956204379562,2,1.4598540145985401,0,0,3,2.18978102189781,1,0.7299270072992701,3,2.18978102189781,14,10.21897810218978,2,1.4598540145985401,5,3.64963503649635,2,1.4598540145985401,3,3.5555555555555554,0,0,1,0.58,50,0.5,4,18,22,0.6666666666666666,0.26086956521739135
1,362,0.643646408839779,0.8,3,2,5.524861878453039,0,0,1,2.7624309392265194,1,2.7624309392265194,0,0,0,0,11,30.386740331491712,0,0,2,5.524861878453039,1,2.7624309392265194,0,0,2,5.524861878453039,2,5.524861878453039,0,0,3,8.287292817679559,2,5.524861878453039,2,5.524861878453039,1,2.7624309392265194,2.666666666666667,5.333333333333333,0,0,1,0.68,50,0.375,5,19,24,0.3333333333333333,0.21739130434782608
1,764,0.5615183246073299,0.26666666666666666,3,7,9.162303664921465,3,3.926701570680628,2,2.6178010471204187,1,1.3089005235602094,0,0,0,0,18,23.56020942408377,0,0,1,1.3089005235602094,0,0,0,0,2,2.6178010471204187,2,2.6178010471204187,0,0,5,6.544502617801047,0,0,1,1.3089005235602094,1,1.3089005235602094,3,3.5555555555555554,0,0,1,0.48,50,0.4375,9,16,25,0.2222222222222222,0.3913043478260869
1,2303,0.4889274858879722,0.3333333333333333,4,6,2.605297438124186,2,0.8684324793747287,2,0.8684324793747287,9,3.907946157186279,0,0,0,0,27,11.723838471558837,0,0,3,1.302648719062093,2,0.8684324793747287,0,0,3,1.302648719062093,4,1.7368649587494573,0,0,3,1.302648719062093,1,0.43421623968736434,2,0.8684324793747287,3,1.302648719062093,7.666666666666667,2.6666666666666665,0,0,1,0.62,50,0.1875,13,16,29,0.4444444444444444,0.4347826086956522
1,1445,0.48373702422145326,0.3333333333333333,5,14,9.688581314878892,1,0.6920415224913494,3,2.0761245674740483,2,1.3840830449826989,0,0,0,0,16,11.07266435986159,0,0,1,0.6920415224913494,0,0,0,0,3,2.0761245674740483,1,0.6920415224913494,1,0.6920415224913494,3,2.0761245674740483,3,2.0761245674740483,1,0.6920415224913494,0,0,2,3.5555555555555554,0,0,1,0.56,50,0.4375,15,14,29,0.2222222222222222,0.391304347826087
1,1270,0.5866141732283464,0.4666666666666667,5,10,7.874015748031496,6,4.724409448818897,1,0.7874015748031495,3,2.3622047244094486,0,0,0,0,37,29.133858267716533,0,0,6,4.724409448818897,1,0.7874015748031495,0,0,6,4.724409448818897,2,1.574803149606299,0,0,9,7.086614173228346,5,3.937007874015748,4,3.149606299212598,1,0.7874015748031495,3.666666666666667,3.111111111111111,0,0,1,0.54,50,0.5625,7,16,23,0.3333333333333333,0.4782608695652174
1,2668,0.35344827586206895,0.4,7,18,6.746626686656671,3,1.1244377811094453,1,0.3748125937031484,1,0.3748125937031484,0,0,0,0,20,7.496251874062968,0,0,5,1.874062968515742,0,0,0,0,1,0.3748125937031484,0,0,0,0,5,1.874062968515742,0,0,2,0.7496251874062968,0,0,2.333333333333333,3.5555555555555554,0,0,1,0.32,50,0.75,8,9,17,0.5555555555555556,0.6521739130434783
1,710,0.3183098591549296,0.26666666666666666,7,1,1.4084507042253522,0,0,0,0,0,0,0,0,0,0,2,2.8169014084507045,0,0,0,0,0,0,0,0,0,0,0,0,0,0,0,0,0,0,0,0,0,0,1.6666666666666667,2.6666666666666665,0,0,1,0.42,50,0.625,11,12,23,0.3333333333333333,0.47826086956521735
1,542,0.5571955719557196,0.4666666666666667,3,2,3.6900369003690034,4,7.380073800738007,0,0,1,1.8450184501845017,0,0,0,0,13,23.98523985239852,0,0,1,1.8450184501845017,0,0,0,0,1,1.8450184501845017,0,0,0,0,6,11.07011070110701,1,1.8450184501845017,3,5.535055350553505,0,0,4.666666666666667,4.444444444444445,0,0,1,0.46,50,0.4375,9,26,35,0.2222222222222222,0.5217391304347826
0,1667,0.611877624475105,0.4,5,7,4.199160167966407,9,5.398920215956808,5,2.9994001199760048,7,4.199160167966407,0,0,0,0,52,31.193761247750448,0,0,2,1.1997600479904018,2,1.1997600479904018,1,0.5998800239952009,6,3.599280143971206,5,2.9994001199760048,2,1.1997600479904018,5,2.9994001199760048,2,1.1997600479904018,3,1.799640071985603,1,0.5998800239952009,9.666666666666666,2.6666666666666665,0,0,1,0.6,50,0.25,13,16,29,0.4444444444444444,0.3913043478260869
0,951,0.4395373291272345,0.4666666666666667,4,7,7.360672975814932,1,1.0515247108307046,1,1.0515247108307046,2,2.1030494216614093,0,0,0,0,8,8.412197686645637,0,0,1,1.0515247108307046,0,0,0,0,1,1.0515247108307046,0,0,0,0,3,3.1545741324921135,1,1.0515247108307046,1,1.0515247108307046,1,1.0515247108307046,4.666666666666667,4,1,0,1,0.6,50,0.4375,14,13,27,0.3333333333333333,0.6086956521739131
0,1171,0.37233134073441504,0.4,5,9,7.685738684884714,0,0,1,0.8539709649871904,0,0,0,0,0,0,3,2.561912894961571,0,0,1,0.8539709649871904,0,0,0,0,1,0.8539709649871904,0,0,0,0,0,0,0,0,0,0,1,0.8539709649871904,1,2.6666666666666665,0,0,1,0.18,50,0.9375,13,11,24,0.6666666666666666,0.4782608695652174
0,1291,0.3470178156467854,0.26666666666666666,5,7,5.4221533694810224,0,0,0,0,2,1.549186676994578,0,0,0,0,7,5.4221533694810224,0,0,1,0.774593338497289,0,0,0,0,0,0,0,0,0,0,2,1.549186676994578,0,0,1,0.774593338497289,0,0,1.3333333333333333,2.2222222222222223,0,0,1,0.32,50,0.6875,11,14,25,0.4444444444444445,0.391304347826087
0,2587,0.3908001546192501,0.26666666666666666,7,27,10.436799381522999,2,0.7730962504831851,3,1.1596443757247776,2,0.7730962504831851,0,0,0,0,21,8.117510630073443,0,0,3,1.1596443757247776,1,0.38654812524159254,0,0,5,1.9327406262079627,2,0.7730962504831851,0,0,3,1.1596443757247776,2,0.7730962504831851,2,0.7730962504831851,1,0.38654812524159254,3.333333333333333,1.7777777777777777,0,0,1,0.44,50,0.375,6,15,21,0.5555555555555556,0.6521739130434783
0,560,0.44285714285714284,0.5333333333333333,4,4,7.142857142857142,0,0,0,0,0,0,0,0,0,0,6,10.714285714285714,0,0,0,0,0,0,0,0,1,1.7857142857142856,0,0,0,0,1,1.7857142857142856,1,1.7857142857142856,1,1.7857142857142856,0,0,3.3333333333333335,4,0,0,1,0.2,50,0.6875,9,18,27,0.8888888888888888,0.4782608695652174
0,357,0.6470588235294118,0.3333333333333333,3,1,2.801120448179272,2,5.602240896358544,1,2.801120448179272,5,14.005602240896359,0,0,0,0,7,19.607843137254903,0,0,1,2.801120448179272,0,0,0,0,2,5.602240896358544,1,2.801120448179272,1,2.801120448179272,0,0,2,5.602240896358544,1,2.801120448179272,0,0,4.666666666666667,3.111111111111111,1,0,1,0.76,50,0.125,10,16,26,0.3333333333333333,0.13043478260869565
0,502,0.6215139442231076,0.4666666666666667,3,1,1.9920318725099602,3,5.9760956175298805,3,5.9760956175298805,1,1.9920318725099602,0,0,0,0,20,39.8406374501992,0,0,2,3.9840637450199203,4,7.968127490039841,0,0,5,9.9601593625498,3,5.9760956175298805,0,0,8,15.936254980079681,4,7.968127490039841,3,5.9760956175298805,2,3.9840637450199203,3.666666666666667,4,0,0,1,0.54,50,0.5625,8,14,22,0.4444444444444444,0.13043478260869568
0,557,0.4111310592459605,0.3333333333333333,5,6,10.771992818671453,0,0,1,1.7953321364452421,0,0,0,0,0,0,5,8.97666068222621,0,0,0,0,0,0,0,0,1,1.7953321364452421,0,0,0,0,0,0,0,0,0,0,0,0,7,3.111111111111111,0,0,1,0.32,50,0.75,4,11,15,0.6666666666666666,0.6086956521739131
0,1726,0.6315179606025493,0.26666666666666666,4,14,8.111239860950175,6,3.476245654692932,2,1.1587485515643106,10,5.793742757821553,0,0,0,0,36,20.85747392815759,0,0,0,0,12,6.952491309385864,1,0.5793742757821553,7,4.055619930475087,13,7.531865585168019,0,0,6,3.476245654692932,5,2.8968713789107765,0,0,4,2.317497103128621,3.3333333333333335,3.111111111111111,0,0,1,0.78,50,0.3125,6,17,23,0,0.5217391304347826
0,5558,0.44368477869737316,0.26666666666666666,6,41,7.376754228139619,6,1.0795250089960418,15,2.6988125224901043,9,1.6192875134940627,0,0,0,0,73,13.134220942785175,0,0,2,0.35984166966534725,3,0.5397625044980209,0,0,17,3.0586541921554518,7,1.2594458438287155,1,0.17992083483267363,8,1.439366678661389,9,1.6192875134940627,4,0.7196833393306945,5,0.8996041741633681,3.333333333333333,1.7777777777777777,0,0,1,0.42,50,0.625,17,18,35,0.4444444444444445,0.5217391304347826
0,2575,0.5953398058252427,0.4666666666666667,5,14,5.4368932038834945,9,3.495145631067961,3,1.1650485436893203,11,4.271844660194175,0,0,0,0,56,21.747572815533978,1,0.3883495145631068,6,2.3300970873786406,5,1.9417475728155338,1,0.3883495145631068,6,2.3300970873786406,4,1.5533980582524272,2,0.7766990291262136,9,3.495145631067961,3,1.1650485436893203,2,0.7766990291262136,1,0.3883495145631068,5,3.111111111111111,0,0,1,0.5,50,0.3125,14,12,26,0.2222222222222222,0.6956521739130435
0,600,0.5833333333333334,0.26666666666666666,5,5,8.333333333333334,3,5,1,1.6666666666666667,2,3.3333333333333335,0,0,0,0,9,15,0,0,1,1.6666666666666667,0,0,0,0,1,1.6666666666666667,1,1.6666666666666667,0,0,1,1.6666666666666667,0,0,0,0,0,0,5,2.2222222222222223,0,0,1,0.5,50,0.3125,14,11,25,0.2222222222222222,0.30434782608695654
0,849,0.5736160188457008,0.26666666666666666,5,5,5.889281507656066,3,3.53356890459364,1,1.1778563015312131,3,3.53356890459364,0,0,0,0,13,15.312131919905772,0,0,1,1.1778563015312131,0,0,0,0,1,1.1778563015312131,1,1.1778563015312131,0,0,1,1.1778563015312131,0,0,0,0,0,0,3.3333333333333335,2.2222222222222223,0,0,1,0.76,50,0.0625,7,11,18,0.1111111111111111,0.30434782608695654
0,1341,0.6129753914988815,0.3333333333333333,5,4,2.982848620432513,11,8.202833706189411,3,2.237136465324385,4,2.982848620432513,0,0,0,0,29,21.62565249813572,0,0,3,2.237136465324385,3,2.237136465324385,0,0,8,5.965697240865026,4,2.982848620432513,3,2.237136465324385,5,3.7285607755406414,5,3.7285607755406414,1,0.7457121551081283,2,1.4914243102162565,2.3333333333333335,3.111111111111111,0,0,1,0.7,50,0.25,3,14,17,0.1111111111111111,0.5217391304347826
0,4069,0.3165396903416073,0.3333333333333333,11,29,7.127058245269108,0,0,0,0,3,0.7372818874416318,0,0,0,0,22,5.406733841238633,0,0,1,0.2457606291472106,1,0.2457606291472106,0,0,1,0.2457606291472106,0,0,0,0,4,0.9830425165888425,1,0.2457606291472106,3,0.7372818874416318,0,0,2,3.5555555555555554,0,0,1,0.36,50,0.6875,6,11,17,0.6666666666666666,0.5652173913043478
0,1875,0.4458666666666667,0.5333333333333333,11,11,5.866666666666666,2,1.0666666666666667,0,0,4,2.1333333333333333,0,0,0,0,24,12.8,0,0,1,0.5333333333333333,2,1.0666666666666667,0,0,0,0,0,0,1,0.5333333333333333,3,1.6,0,0,1,0.5333333333333333,0,0,3,3.111111111111111,0,0,1,0.64,50,0.3125,11,8,19,0.6666666666666666,0.4347826086956521
0,1921,0.3508589276418532,0.26666666666666666,8,12,6.246746486205101,0,0,1,0.5205622071837585,0,0,0,0,0,0,14,7.287870900572618,0,0,3,1.5616866215512752,0,0,0,0,1,0.5205622071837585,0,0,1,0.5205622071837585,3,1.5616866215512752,0,0,1,0.5205622071837585,0,0,4.333333333333333,1.7777777777777777,0,0,1,0.32,50,0.6875,7,13,20,0.4444444444444445,0.5652173913043479
0,2766,0.33731019522776573,0.26666666666666666,9,21,7.592190889370933,2,0.7230657989877078,2,0.7230657989877078,0,0,0,0,0,0,15,5.422993492407809,0,0,1,0.3615328994938539,2,0.7230657989877078,0,0,3,1.0845986984815619,2,0.7230657989877078,0,0,2,0.7230657989877078,1,0.3615328994938539,1,0.3615328994938539,0,0,3.333333333333333,2.6666666666666665,0,0,1,0.22,50,0.75,11,13,24,0.5555555555555556,0.47826086956521735
0,501,0.5289421157684631,0.4666666666666667,4,5,9.980039920159681,4,7.984031936127744,0,0,0,0,0,0,0,0,14,27.944111776447105,0,0,2,3.992015968063872,0,0,0,0,0,0,0,0,0,0,2,3.992015968063872,0,0,1,1.996007984031936,0,0,4.666666666666667,4.444444444444445,0,0,1,0.52,50,0.375,5,11,16,0.3333333333333333,0.4347826086956522
0,2663,0.3702591062711228,0.5333333333333333,6,14,5.257228689447992,0,0,0,0,2,0.7510326699211416,0,0,0,0,17,6.383777694329704,0,0,2,0.7510326699211416,0,0,0,0,0,0,0,0,0,0,5,1.877581674802854,0,0,5,1.877581674802854,0,0,1.3333333333333333,5.333333333333333,0,0,1,0.42,50,0.75,17,5,22,0.5555555555555556,0.6521739130434783
0,4514,0.3721754541426673,0.4,7,33,7.310589277802392,3,0.6645990252547629,5,1.1076650420912715,6,1.3291980505095258,0,0,0,0,36,7.9751883030571555,1,0.2215330084182543,3,0.6645990252547629,0,0,0,0,5,1.1076650420912715,2,0.4430660168365086,0,0,8,1.7722640673460344,1,0.2215330084182543,3,0.6645990252547629,1,0.2215330084182543,2.666666666666667,3.5555555555555554,0,0,1,0.28,50,0.75,6,10,16,0.3333333333333333,0.47826086956521735
0,6972,0.3815261044176707,0.26666666666666666,28,43,6.167527251864601,1,0.14343086632243257,2,0.28686173264486514,13,1.8646012621916235,0,0,0,0,46,6.597819850831899,0,0,7,1.0040160642570282,3,0.4302925989672977,0,0,3,0.4302925989672977,1,0.14343086632243257,0,0,6,0.8605851979345954,2,0.28686173264486514,2,0.28686173264486514,2,0.28686173264486514,2.666666666666667,2.6666666666666665,0,0,1,0.2,50,0.6875,8,16,24,0.4444444444444444,0.5217391304347826
0,1949,0.5048742945100051,0.5333333333333333,14,14,7.183170856849666,7,3.591585428424833,2,1.026167265264238,6,3.078501795792714,0,0,0,0,26,13.340174448435095,0,0,2,1.026167265264238,2,1.026167265264238,0,0,5,2.565418163160595,2,1.026167265264238,2,1.026167265264238,12,6.157003591585428,4,2.052334530528476,5,2.565418163160595,0,0,1.6666666666666667,4.444444444444445,0,0,1,0.54,50,0.5625,10,9,19,0.4444444444444444,0.6956521739130435
0,1108,0.45938628158844763,0.26666666666666666,13,9,8.12274368231047,0,0,3,2.707581227436823,0,0,0,0,0,0,12,10.830324909747292,0,0,3,2.707581227436823,2,1.8050541516245486,0,0,6,5.415162454873646,4,3.6101083032490973,1,0.9025270758122743,4,3.6101083032490973,3,2.707581227436823,1,0.9025270758122743,1,0.9025270758122743,1.6666666666666667,2.6666666666666665,0,0,1,0.6,50,0.3125,9,15,24,0.4444444444444444,0.34782608695652173
0,580,0.5103448275862069,0.26666666666666666,5,9,15.517241379310345,1,1.7241379310344829,0,0,1,1.7241379310344829,0,0,0,0,11,18.965517241379313,0,0,1,1.7241379310344829,1,1.7241379310344829,0,0,0,0,1,1.7241379310344829,0,0,0,0,0,0,1,1.7241379310344829,0,0,4.666666666666667,6.222222222222222,1,0,1,0.48,50,0.5,11,10,21,0.4444444444444444,0.5217391304347826
0,1276,0.35266457680250785,0.3333333333333333,6,7,5.485893416927899,0,0,0,0,1,0.7836990595611285,0,0,0,0,7,5.485893416927899,0,0,0,0,0,0,0,0,0,0,0,0,0,0,1,0.7836990595611285,0,0,1,0.7836990595611285,0,0,0.6666666666666666,3.5555555555555554,0,0,1,0.24,50,0.6875,9,11,20,0.7777777777777778,0.5652173913043479
0,1881,0.4704944178628389,0.4,15,12,6.379585326953748,3,1.594896331738437,1,0.531632110579479,6,3.189792663476874,0,0,0,0,26,13.822434875066454,0,0,1,0.531632110579479,2,1.063264221158958,0,0,1,0.531632110579479,3,1.594896331738437,1,0.531632110579479,2,1.063264221158958,0,0,1,0.531632110579479,3,1.594896331738437,2.666666666666667,2.6666666666666665,0,0,1,0.44,50,0.375,10,15,25,0.4444444444444444,0.4347826086956522
0,774,0.6925064599483204,0.26666666666666666,3,4,5.167958656330749,8,10.335917312661499,1,1.2919896640826873,5,6.459948320413437,0,0,0,0,16,20.671834625322997,0,0,2,2.5839793281653747,1,1.2919896640826873,0,0,1,1.2919896640826873,1,1.2919896640826873,0,0,2,2.5839793281653747,1,1.2919896640826873,0,0,0,0,4.333333333333334,2.2222222222222223,1,0,1,0.74,50,0.375,9,10,19,0.1111111111111111,0.1739130434782609
0,2646,0.6436130007558579,0.5333333333333333,5,9,3.4013605442176873,17,6.424792139077853,5,1.889644746787604,5,1.889644746787604,0,0,0,0,92,34.76946334089191,0,0,7,2.6455026455026456,2,0.7558578987150416,0,0,8,3.0234315948601664,2,0.7558578987150416,1,0.3779289493575208,22,8.314436885865458,5,1.889644746787604,7,2.6455026455026456,1,0.3779289493575208,2.666666666666667,4.444444444444445,0,0,1,0.24,50,0.8125,4,14,18,0.3333333333333333,0.30434782608695654
0,2060,0.32038834951456313,0.2,9,12,5.825242718446602,1,0.4854368932038835,1,0.4854368932038835,1,0.4854368932038835,0,0,0,0,11,5.339805825242719,0,0,0,0,0,0,0,0,1,0.4854368932038835,0,0,1,0.4854368932038835,1,0.4854368932038835,0,0,1,0.4854368932038835,0,0,4.666666666666667,2.6666666666666665,0,0,1,0.4,50,0.4375,6,12,18,0.3333333333333333,0.5652173913043479
0,3251,0.3546601045832052,0.3333333333333333,6,20,6.151953245155337,1,0.30759766225776686,0,0,1,0.30759766225776686,0,0,0,0,15,4.6139649338665025,0,0,4,1.2303906490310674,0,0,0,0,1,0.30759766225776686,2,0.6151953245155337,1,0.30759766225776686,4,1.2303906490310674,1,0.30759766225776686,2,0.6151953245155337,2,0.6151953245155337,4,3.5555555555555554,0,0,1,0.3,50,0.625,2,18,20,0.6666666666666666,0.43478260869565216
0,3040,0.5894736842105263,0.3333333333333333,5,17,5.592105263157895,14,4.605263157894737,5,1.644736842105263,8,2.6315789473684212,0,0,0,0,65,21.38157894736842,1,0.32894736842105265,5,1.644736842105263,7,2.3026315789473686,0,0,9,2.9605263157894735,5,1.644736842105263,1,0.32894736842105265,15,4.934210526315789,6,1.9736842105263157,5,1.644736842105263,3,0.9868421052631579,4.333333333333333,2.6666666666666665,0,0,1,0.68,50,0.1875,7,11,18,0.4444444444444445,0.26086956521739135
0,2474,0.35772029102667746,0.3333333333333333,7,12,4.8504446240905414,1,0.4042037186742118,0,0,1,0.4042037186742118,0,0,0,0,21,8.488278092158447,1,0.4042037186742118,2,0.8084074373484236,2,0.8084074373484236,0,0,1,0.4042037186742118,2,0.8084074373484236,0,0,3,1.2126111560226354,1,0.4042037186742118,2,0.8084074373484236,2,0.8084074373484236,3.666666666666667,2.2222222222222223,0,0,1,0.24,50,0.8125,6,8,14,0.4444444444444444,0.4347826086956522
0,2201,0.35620172648796,0.26666666666666666,20,18,8.17810086324398,0,0,0,0,1,0.45433893684688775,0,0,0,0,9,4.08905043162199,0,0,0,0,1,0.45433893684688775,0,0,0,0,0,0,0,0,1,0.45433893684688775,0,0,3,1.3630168105406633,0,0,2.666666666666667,3.111111111111111,0,0,1,0.42,50,0.4375,9,15,24,0.3333333333333333,0.6521739130434783
0,349,0.6332378223495702,0.4,3,1,2.865329512893983,0,0,0,0,3,8.595988538681949,0,0,0,0,6,17.191977077363898,0,0,0,0,1,2.865329512893983,0,0,2,5.730659025787966,1,2.865329512893983,1,2.865329512893983,1,2.865329512893983,2,5.730659025787966,0,0,1,2.865329512893983,1.6666666666666667,4.444444444444445,1,0,1,0.68,50,0.25,6,19,25,0.2222222222222222,0.34782608695652173
0,532,0.33270676691729323,0.3333333333333333,6,3,5.639097744360902,1,1.8796992481203008,0,0,0,0,0,0,0,0,4,7.518796992481203,0,0,0,0,0,0,0,0,0,0,0,0,0,0,1,1.8796992481203008,0,0,0,0,0,0,2.666666666666667,3.111111111111111,0,0,1,0.3,50,0.5625,7,9,16,0.4444444444444444,0.6521739130434783
0,2324,0.3898450946643718,0.26666666666666666,8,12,5.163511187607574,1,0.43029259896729777,1,0.43029259896729777,2,0.8605851979345955,0,0,0,0,27,11.617900172117041,0,0,1,0.43029259896729777,0,0,0,0,1,0.43029259896729777,0,0,0,0,6,2.581755593803787,0,0,3,1.2908777969018934,1,0.43029259896729777,4,2.6666666666666665,1,0,1,0.28,50,0.5625,3,10,13,0.6666666666666666,0.391304347826087
0,3813,0.34565958562811433,0.4,7,13,3.409388932599003,2,0.5245213742460005,3,0.7867820613690008,3,0.7867820613690008,0,0,0,0,19,4.9829530553370045,0,0,1,0.26226068712300027,1,0.26226068712300027,0,0,5,1.3113034356150013,2,0.5245213742460005,1,0.26226068712300027,5,1.3113034356150013,4,1.049042748492001,3,0.7867820613690008,2,0.5245213742460005,3.333333333333333,3.111111111111111,1,0,1,0.4,50,0.5625,8,25,33,0.5555555555555556,0.43478260869565216
0,2045,0.40929095354523226,0.26666666666666666,6,11,5.378973105134475,1,0.48899755501222497,0,0,5,2.444987775061125,0,0,0,0,15,7.334963325183375,0,0,0,0,1,0.48899755501222497,0,0,1,0.48899755501222497,0,0,0,0,4,1.9559902200488999,1,0.48899755501222497,2,0.9779951100244499,1,0.48899755501222497,3,3.5555555555555554,0,0,1,0.28,50,0.6875,9,12,21,0.1111111111111111,0.5652173913043479
0,2192,0.47764598540145986,0.5333333333333333,7,10,4.562043795620437,6,2.7372262773722627,2,0.9124087591240875,3,1.3686131386861313,0,0,0,0,31,14.142335766423356,0,0,4,1.824817518248175,1,0.45620437956204374,0,0,3,1.3686131386861313,1,0.45620437956204374,0,0,3,1.3686131386861313,2,0.9124087591240875,1,0.45620437956204374,2,0.9124087591240875,2.3333333333333335,3.111111111111111,1,0,1,0.52,50,0.375,14,10,24,0,0.4782608695652174
0,2902,0.39490006891798757,0.3333333333333333,14,13,4.479669193659545,2,0.6891798759476223,0,0,1,0.34458993797381116,0,0,0,0,16,5.5134390075809785,1,0.34458993797381116,1,0.34458993797381116,1,0.34458993797381116,0,0,0,0,0,0,1,0.34458993797381116,4,1.3783597518952446,0,0,0,0,1,0.34458993797381116,1.3333333333333333,3.111111111111111,0,0,1,0.22,50,0.6875,11,19,30,0.4444444444444445,0.6086956521739131
0,433,0.44110854503464203,0.7333333333333333,6,3,6.928406466512702,0,0,1,2.3094688221709005,1,2.3094688221709005,0,0,0,0,6,13.856812933025404,0,0,0,0,0,0,0,0,1,2.3094688221709005,0,0,0,0,2,4.618937644341801,0,0,1,2.3094688221709005,0,0,1,5.333333333333333,0,0,1,0.26,50,0.75,13,11,24,0.6666666666666666,0.30434782608695654
0,530,0.38301886792452833,0.4,9,2,3.773584905660377,0,0,0,0,0,0,0,0,0,0,1,1.8867924528301885,0,0,0,0,0,0,0,0,0,0,0,0,0,0,1,1.8867924528301885,0,0,0,0,1,1.8867924528301885,2.333333333333333,7.555555555555555,0,0,1,0.42,50,0.625,6,10,16,0.4444444444444445,0.43478260869565216
0,1989,0.5520361990950227,0.26666666666666666,5,21,10.558069381598793,7,3.519356460532931,3,1.5082956259426847,3,1.5082956259426847,0,0,0,0,53,26.646556058320762,1,0.5027652086475616,4,2.0110608345902463,3,1.5082956259426847,0,0,5,2.513826043237808,2,1.0055304172951232,3,1.5082956259426847,14,7.038712921065862,3,1.5082956259426847,3,1.5082956259426847,2,1.0055304172951232,2.666666666666667,3.111111111111111,0,0,1,0.76,50,0.25,14,16,30,0.4444444444444444,0.30434782608695654
0,230,0.6,0.2,2,2,8.695652173913043,1,4.3478260869565215,1,4.3478260869565215,1,4.3478260869565215,0,0,0,0,8,34.78260869565217,0,0,0,0,0,0,0,0,1,4.3478260869565215,1,4.3478260869565215,0,0,3,13.043478260869565,0,0,1,4.3478260869565215,0,0,4.333333333333333,2.6666666666666665,0,0,1,0.58,50,0.375,8,14,22,0.5555555555555556,0.4347826086956522
0,417,0.5779376498800959,0.4666666666666667,3,3,7.194244604316547,4,9.59232613908873,1,2.3980815347721824,1,2.3980815347721824,0,0,0,0,15,35.97122302158274,0,0,1,2.3980815347721824,0,0,0,0,1,2.3980815347721824,0,0,0,0,2,4.796163069544365,0,0,1,2.3980815347721824,0,0,2,4.444444444444445,0,0,1,0.5,50,0.6875,5,18,23,0.6666666666666666,0.391304347826087
0,637,0.5243328100470958,0.4,4,6,9.419152276295133,0,0,0,0,1,1.5698587127158556,0,0,0,0,9,14.1287284144427,0,0,0,0,0,0,0,0,1,1.5698587127158556,0,0,0,0,0,0,1,1.5698587127158556,1,1.5698587127158556,0,0,1.6666666666666667,2.6666666666666665,0,0,1,0.46,50,0.5,10,24,34,0.4444444444444444,0.34782608695652173
0,316,0.43670886075949367,0.4,4,0,0,1,3.1645569620253164,0,0,0,0,0,0,0,0,2,6.329113924050633,0,0,0,0,0,0,0,0,0,0,0,0,0,0,3,9.493670886075948,0,0,0,0,0,0,1,3.5555555555555554,0,0,1,0.38,50,0.5625,14,11,25,0.6666666666666666,0.5217391304347826
0,2035,0.3375921375921376,0.26666666666666666,8,12,5.896805896805897,0,0,1,0.49140049140049136,1,0.49140049140049136,0,0,0,0,11,5.405405405405405,0,0,0,0,0,0,0,0,1,0.49140049140049136,0,0,0,0,3,1.4742014742014742,0,0,0,0,0,0,2,2.6666666666666665,0,0,1,0.26,50,0.75,7,15,22,0.6666666666666666,0.6956521739130435
0,1518,0.5322793148880105,0.5333333333333333,6,10,6.587615283267457,3,1.976284584980237,2,1.3175230566534915,5,3.2938076416337285,0,0,0,0,22,14.492753623188406,0,0,3,1.976284584980237,1,0.6587615283267457,0,0,2,1.3175230566534915,4,2.635046113306983,1,0.6587615283267457,3,1.976284584980237,1,0.6587615283267457,0,0,1,0.6587615283267457,2,3.111111111111111,0,0,1,0.76,50,0.4375,8,22,30,0.1111111111111111,0.5217391304347827
0,1152,0.4409722222222222,0.3333333333333333,8,4,3.4722222222222223,0,0,0,0,5,4.340277777777778,0,0,0,0,10,8.680555555555555,0,0,1,0.8680555555555556,2,1.7361111111111112,0,0,0,0,1,0.8680555555555556,0,0,0,0,0,0,0,0,1,0.8680555555555556,3.666666666666667,3.5555555555555554,0,0,1,0.24,50,0.75,17,20,37,0.4444444444444444,0.6521739130434783
0,698,0.6174785100286533,0.8,4,6,8.595988538681949,5,7.163323782234958,2,2.865329512893983,2,2.865329512893983,0,0,0,0,20,28.65329512893983,0,0,0,0,1,1.4326647564469914,0,0,3,4.2979942693409745,1,1.4326647564469914,1,1.4326647564469914,6,8.595988538681949,2,2.865329512893983,1,1.4326647564469914,0,0,1.6666666666666667,5.333333333333333,0,0,1,0.72,50,0.25,14,9,23,0.4444444444444444,0.782608695652174
0,572,0.5734265734265734,0.5333333333333333,3,8,13.986013986013987,3,5.244755244755245,0,0,0,0,0,0,0,0,17,29.720279720279724,0,0,4,6.993006993006993,0,0,0,0,1,1.7482517482517483,1,1.7482517482517483,0,0,2,3.4965034965034967,1,1.7482517482517483,0,0,0,0,2.333333333333333,5.333333333333333,0,0,1,0.68,50,0.375,9,17,26,0.4444444444444445,0.26086956521739135
0,2364,0.3477157360406091,0.2,7,13,5.499153976311337,2,0.8460236886632826,3,1.2690355329949239,2,0.8460236886632826,0,0,0,0,14,5.922165820642978,0,0,0,0,0,0,0,0,4,1.6920473773265652,1,0.4230118443316413,0,0,2,0.8460236886632826,1,0.4230118443316413,0,0,0,0,1.6666666666666667,1.3333333333333333,0,0,1,0.24,50,0.625,13,17,30,0.4444444444444444,0.7391304347826086
0,2707,0.5012929442186923,0.4666666666666667,8,23,8.496490579977836,1,0.3694126339120798,3,1.1082379017362394,9,3.324713705208718,0,0,0,0,59,21.79534540081271,2,0.7388252678241596,8,2.9553010712966383,3,1.1082379017362394,3,1.1082379017362394,5,1.8470631695603992,6,2.2164758034724787,1,0.3694126339120798,20,7.388252678241597,3,1.1082379017362394,14,5.171776874769117,5,1.8470631695603992,4.333333333333333,4.444444444444445,1,0,1,0.3,50,0.6875,8,11,19,0.4444444444444445,0.5217391304347826
0,443,0.5214446952595937,0.3333333333333333,4,5,11.28668171557562,0,0,2,4.514672686230249,1,2.2573363431151243,0,0,0,0,2,4.514672686230249,0,0,0,0,0,0,0,0,3,6.772009029345372,1,2.2573363431151243,0,0,1,2.2573363431151243,1,2.2573363431151243,0,0,0,0,1.6666666666666667,2.6666666666666665,0,0,1,0.44,50,0.5,15,14,29,0.3333333333333333,0.5217391304347826
0,1012,0.4288537549407115,0.5333333333333333,7,10,9.881422924901186,0,0,0,0,4,3.952569169960474,0,0,0,0,11,10.869565217391305,0,0,2,1.976284584980237,1,0.9881422924901185,0,0,0,0,0,0,0,0,6,5.928853754940711,0,0,4,3.952569169960474,0,0,4.333333333333333,3.111111111111111,0,0,1,0.36,50,0.5625,5,11,16,0.4444444444444445,0.8260869565217391
0,1145,0.33973799126637555,0.4,9,2,1.7467248908296944,0,0,1,0.8733624454148472,0,0,0,0,0,0,6,5.240174672489083,0,0,1,0.8733624454148472,2,1.7467248908296944,1,0.8733624454148472,2,1.7467248908296944,2,1.7467248908296944,0,0,1,0.8733624454148472,2,1.7467248908296944,0,0,4,3.493449781659389,4,3.111111111111111,0,0,1,0.4,50,0.5625,5,6,11,0.6666666666666666,0.43478260869565216
0,1190,0.4504201680672269,0.4666666666666667,16,7,5.882352941176471,1,0.8403361344537815,1,0.8403361344537815,0,0,0,0,0,0,12,10.084033613445378,0,0,0,0,1,0.8403361344537815,0,0,1,0.8403361344537815,3,2.5210084033613445,0,0,3,2.5210084033613445,1,0.8403361344537815,2,1.680672268907563,1,0.8403361344537815,2.666666666666667,3.5555555555555554,0,0,1,0.36,50,0.5625,7,9,16,0.3333333333333333,0.6086956521739131
0,1558,0.5295250320924262,0.4666666666666667,5,13,8.344030808729139,3,1.925545571245186,2,1.2836970474967908,4,2.5673940949935816,0,0,0,0,30,19.255455712451862,0,0,2,1.2836970474967908,0,0,0,0,3,1.925545571245186,2,1.2836970474967908,0,0,9,5.7766367137355585,1,0.6418485237483954,3,1.925545571245186,2,1.2836970474967908,8,4.444444444444445,0,0,1,0.56,50,0.3125,1,12,13,0.3333333333333333,0.5652173913043478
0,801,0.36953807740324596,0.26666666666666666,5,3,3.745318352059925,0,0,0,0,1,1.2484394506866416,0,0,0,0,3,3.745318352059925,0,0,0,0,0,0,0,0,0,0,0,0,0,0,0,0,0,0,0,0,0,0,2.666666666666667,2.6666666666666665,0,0,1,0.36,50,0.5,5,11,16,0.3333333333333333,0.6521739130434783
0,861,0.3797909407665505,0.2,7,4,4.645760743321719,1,1.1614401858304297,0,0,1,1.1614401858304297,0,0,0,0,7,8.130081300813009,0,0,0,0,0,0,0,0,0,0,0,0,0,0,1,1.1614401858304297,0,0,1,1.1614401858304297,0,0,3.6666666666666665,1.3333333333333333,0,0,1,0.42,50,0.75,9,11,20,0.7777777777777778,0.6086956521739131
0,1070,0.34766355140186916,0.4,5,4,3.7383177570093458,0,0,1,0.9345794392523364,1,0.9345794392523364,0,0,0,0,5,4.672897196261682,0,0,0,0,1,0.9345794392523364,0,0,1,0.9345794392523364,1,0.9345794392523364,0,0,0,0,0,0,0,0,1,0.9345794392523364,2,3.5555555555555554,0,0,1,0.38,50,0.6875,6,9,15,0.6666666666666666,0.5217391304347826
0,277,0.6895306859205776,0.3333333333333333,4,1,3.6101083032490973,3,10.830324909747292,0,0,1,3.6101083032490973,0,0,0,0,8,28.880866425992778,0,0,0,0,0,0,0,0,0,0,1,3.6101083032490973,1,3.6101083032490973,3,10.830324909747292,0,0,0,0,0,0,2.6666666666666665,3.5555555555555554,0,0,1,0.74,50,0.375,9,13,22,-0.2222222222222222,0.13043478260869568
0,1401,0.4004282655246253,0.4,8,11,7.851534618129907,0,0,4,2.8551034975017844,2,1.4275517487508922,0,0,0,0,11,7.851534618129907,0,0,3,2.1413276231263385,3,2.1413276231263385,0,0,6,4.282655246252677,4,2.8551034975017844,0,0,0,0,4,2.8551034975017844,0,0,3,2.1413276231263385,1,3.111111111111111,0,0,1,0.4,50,0.5,7,10,17,0.6666666666666666,0.3913043478260869
0,343,0.597667638483965,0.2,4,0,0,2,5.830903790087463,0,0,2,5.830903790087463,0,0,0,0,22,64.13994169096209,1,2.9154518950437316,1,2.9154518950437316,0,0,0,0,0,0,0,0,0,0,8,23.323615160349853,0,0,4,11.661807580174926,1,2.9154518950437316,6.666666666666667,2.6666666666666665,0,0,1,0.58,50,0.25,5,10,15,0.3333333333333333,0.4347826086956522
0,1301,0.4965411222136818,0.4,4,14,10.76095311299001,2,1.5372790161414298,3,2.3059185242121445,5,3.8431975403535743,0,0,0,0,18,13.835511145272868,0,0,1,0.7686395080707149,0,0,0,0,3,2.3059185242121445,1,0.7686395080707149,0,0,5,3.8431975403535743,0,0,1,0.7686395080707149,0,0,1,2.6666666666666665,1,0,1,0.46,50,0.5,10,12,22,0.6666666666666666,0.34782608695652173
0,1132,0.4840989399293286,0.5333333333333333,6,10,8.8339222614841,2,1.76678445229682,0,0,2,1.76678445229682,0,0,0,0,27,23.85159010600707,0,0,5,4.41696113074205,0,0,0,0,0,0,0,0,0,0,6,5.30035335689046,0,0,4,3.53356890459364,0,0,2.3333333333333335,4,0,0,1,0.5,50,0.5,7,11,18,0.1111111111111111,0.5217391304347826
0,1392,0.5100574712643678,0.26666666666666666,8,14,10.057471264367816,4,2.873563218390805,1,0.7183908045977012,2,1.4367816091954024,0,0,0,0,31,22.270114942528735,0,0,2,1.4367816091954024,0,0,0,0,1,0.7183908045977012,0,0,0,0,3,2.1551724137931036,0,0,2,1.4367816091954024,1,0.7183908045977012,2,2.6666666666666665,0,0,1,0.56,50,0.5,8,14,22,0.2222222222222222,0.30434782608695654
0,1357,0.3574060427413412,0.5333333333333333,6,11,8.10611643330877,1,0.7369196757553427,0,0,0,0,0,0,0,0,9,6.632277081798084,0,0,0,0,0,0,0,0,0,0,1,0.7369196757553427,0,0,1,0.7369196757553427,0,0,1,0.7369196757553427,1,0.7369196757553427,2.6666666666666665,4.444444444444445,0,0,1,0.34,50,0.75,14,6,20,0.6666666666666667,0.7391304347826086
0,2052,0.4317738791423002,0.4666666666666667,7,9,4.385964912280702,1,0.4873294346978557,4,1.949317738791423,4,1.949317738791423,0,0,0,0,17,8.284600389863547,0,0,1,0.4873294346978557,2,0.9746588693957114,0,0,6,2.9239766081871346,3,1.4619883040935673,0,0,3,1.4619883040935673,3,1.4619883040935673,3,1.4619883040935673,4,1.949317738791423,5,4.888888888888889,0,0,1,0.52,50,0.4375,7,16,23,0.2222222222222222,0.4782608695652174
0,1351,0.42487046632124353,0.4666666666666667,7,8,5.921539600296077,2,1.4803849000740192,1,0.7401924500370096,7,5.181347150259067,0,0,0,0,10,7.401924500370097,0,0,1,0.7401924500370096,0,0,1,0.7401924500370096,1,0.7401924500370096,1,0.7401924500370096,1,0.7401924500370096,1,0.7401924500370096,0,0,0,0,1,0.7401924500370096,4.333333333333333,4,1,0,1,0.46,50,0.5,10,15,25,0.5555555555555556,0.5652173913043479
0,2968,0.578167115902965,0.4666666666666667,6,26,8.76010781671159,9,3.032345013477089,4,1.3477088948787062,6,2.0215633423180592,0,0,0,0,70,23.58490566037736,0,0,4,1.3477088948787062,0,0,0,0,6,2.0215633423180592,3,1.0107816711590296,0,0,22,7.412398921832884,3,1.0107816711590296,3,1.0107816711590296,0,0,9.666666666666666,4,0,0,1,0.7,50,0.5,11,10,21,0.4444444444444444,0.34782608695652173
0,3065,0.367047308319739,0.4,12,10,3.2626427406199023,2,0.6525285481239804,0,0,2,0.6525285481239804,0,0,0,0,13,4.241435562805873,0,0,0,0,0,0,0,0,0,0,0,0,0,0,2,0.6525285481239804,0,0,2,0.6525285481239804,0,0,4.666666666666667,3.111111111111111,0,0,1,0.26,50,0.75,11,13,24,0.3333333333333333,0.43478260869565216
0,1145,0.42358078602620086,0.4666666666666667,4,7,6.11353711790393,2,1.7467248908296944,1,0.8733624454148472,2,1.7467248908296944,0,0,0,0,17,14.847161572052402,0,0,1,0.8733624454148472,0,0,0,0,1,0.8733624454148472,2,1.7467248908296944,0,0,0,0,0,0,0,0,1,0.8733624454148472,7.666666666666667,4,0,0,1,0.44,50,0.5625,10,14,24,0.4444444444444444,0.5217391304347826
0,2880,0.4670138888888889,0.6666666666666666,14,18,6.25,8,2.7777777777777777,4,1.3888888888888888,4,1.3888888888888888,0,0,0,0,38,13.194444444444445,1,0.3472222222222222,4,1.3888888888888888,1,0.3472222222222222,0,0,5,1.7361111111111112,5,1.7361111111111112,2,0.6944444444444444,11,3.8194444444444446,3,1.0416666666666667,2,0.6944444444444444,1,0.3472222222222222,1.3333333333333333,4.888888888888889,1,0,1,0.56,50,0.625,8,14,22,0.4444444444444445,0.6086956521739131
0,1154,0.4254766031195841,0.4666666666666667,13,8,6.932409012131716,0,0,0,0,2,1.733102253032929,0,0,0,0,16,13.864818024263432,0,0,1,0.8665511265164645,0,0,0,0,1,0.8665511265164645,0,0,0,0,5,4.332755632582323,1,0.8665511265164645,7,6.065857885615252,0,0,3.333333333333333,4,0,0,1,0.32,50,0.625,15,11,26,0.5555555555555556,0.30434782608695654
0,1121,0.5816235504014273,0.6666666666666666,5,10,8.920606601248885,2,1.784121320249777,1,0.8920606601248885,0,0,0,0,0,0,28,24.977698483496876,0,0,5,4.460303300624442,0,0,0,0,1,0.8920606601248885,0,0,0,0,6,5.352363960749331,0,0,4,3.568242640499554,0,0,3.3333333333333335,5.777777777777778,0,0,1,0.68,50,0.375,4,23,27,0.1111111111111111,0.3913043478260869
0,305,0.6557377049180327,0.4,4,1,3.278688524590164,1,3.278688524590164,0,0,2,6.557377049180328,0,0,0,0,11,36.0655737704918,0,0,2,6.557377049180328,0,0,0,0,0,0,1,3.278688524590164,0,0,2,6.557377049180328,0,0,0,0,0,0,2,4,0,0,1,0.58,50,0.25,8,14,22,0.2222222222222222,0.17391304347826086
0,2514,0.3341288782816229,0.4666666666666667,7,23,9.148766905330152,0,0,0,0,0,0,0,0,0,0,10,3.9777247414478922,0,0,1,0.3977724741447892,0,0,0,0,0,0,0,0,0,0,1,0.3977724741447892,0,0,1,0.3977724741447892,0,0,3,3.111111111111111,0,0,1,0.38,50,0.5625,9,13,22,0.6666666666666666,0.782608695652174
0,802,0.36783042394014964,0.5333333333333333,5,5,6.234413965087281,2,2.4937655860349124,0,0,0,0,0,0,0,0,5,6.234413965087281,0,0,1,1.2468827930174562,0,0,0,0,0,0,0,0,0,0,0,0,0,0,0,0,0,0,1.6666666666666667,3.111111111111111,0,0,1,0.36,50,0.5625,7,14,21,0.3333333333333333,0.5217391304347826
0,1245,0.6048192771084338,0.3333333333333333,3,3,2.4096385542168672,6,4.8192771084337345,0,0,3,2.4096385542168672,0,0,0,0,31,24.899598393574294,0,0,5,4.016064257028112,1,0.8032128514056224,0,0,5,4.016064257028112,2,1.6064257028112447,0,0,9,7.228915662650602,5,4.016064257028112,2,1.6064257028112447,0,0,2.333333333333333,4,0,0,1,0.68,50,0.625,10,17,27,0.5555555555555556,0.30434782608695654
0,1792,0.40011160714285715,0.26666666666666666,10,17,9.486607142857142,2,1.1160714285714286,0,0,1,0.5580357142857143,0,0,0,0,19,10.602678571428571,0,0,1,0.5580357142857143,0,0,0,0,0,0,1,0.5580357142857143,1,0.5580357142857143,4,2.232142857142857,0,0,2,1.1160714285714286,0,0,4.333333333333333,2.6666666666666665,0,0,1,0.28,50,0.6875,9,13,22,0.5555555555555556,0.43478260869565216
0,4166,0.4039846375420067,0.4,9,38,9.121459433509362,1,0.24003840614498317,3,0.7201152184349495,3,0.7201152184349495,0,0,0,0,35,8.401344215074412,0,0,4,0.9601536245799327,1,0.24003840614498317,0,0,4,0.9601536245799327,1,0.24003840614498317,0,0,7,1.6802688430148822,1,0.24003840614498317,5,1.2001920307249159,1,0.24003840614498317,7,3.5555555555555554,0,0,1,0.34,50,0.75,8,10,18,0.6666666666666666,0.6956521739130435
0,2515,0.5514910536779324,0.3333333333333333,5,21,8.34990059642147,7,2.783300198807157,2,0.7952286282306162,6,2.3856858846918487,0,0,0,0,73,29.025844930417495,0,0,8,3.180914512922465,1,0.3976143141153081,0,0,3,1.1928429423459244,2,0.7952286282306162,4,1.5904572564612325,19,7.5546719681908545,1,0.3976143141153081,12,4.7713717693836974,1,0.3976143141153081,1.6666666666666667,2.2222222222222223,0,0,1,0.56,50,0.375,8,20,28,0.3333333333333333,0.4347826086956522
0,1551,0.4912959381044487,0.26666666666666666,5,14,9.026434558349452,2,1.2894906511927788,1,0.6447453255963894,5,3.2237266279819474,0,0,0,0,24,15.473887814313347,0,0,2,1.2894906511927788,0,0,0,0,1,0.6447453255963894,1,0.6447453255963894,0,0,4,2.5789813023855577,0,0,1,0.6447453255963894,0,0,2.333333333333333,3.111111111111111,0,0,1,0.52,50,0.5625,11,12,23,0.5555555555555556,0.4347826086956521
0,1298,0.35670261941448383,0.5333333333333333,9,6,4.622496147919876,0,0,0,0,2,1.5408320493066254,0,0,0,0,7,5.3929121725731894,0,0,1,0.7704160246533127,0,0,0,0,0,0,0,0,1,0.7704160246533127,1,0.7704160246533127,0,0,1,0.7704160246533127,0,0,2.6666666666666665,4.444444444444445,0,0,1,0.22,50,0.8125,9,19,28,0.7777777777777778,0.3913043478260869
0,3148,0.37293519695044475,0.4666666666666667,9,23,7.306226175349428,1,0.3176620076238882,5,1.5883100381194408,2,0.6353240152477764,0,0,0,0,29,9.212198221092757,0,0,2,0.6353240152477764,1,0.3176620076238882,0,0,5,1.5883100381194408,1,0.3176620076238882,1,0.3176620076238882,5,1.5883100381194408,1,0.3176620076238882,3,0.9529860228716646,1,0.3176620076238882,1.3333333333333333,4,0,0,1,0.2,50,0.75,8,16,24,0.8888888888888888,0.5652173913043479
0,2385,0.4582809224318658,0.4,10,10,4.1928721174004195,6,2.515723270440252,0,0,1,0.41928721174004197,0,0,0,0,25,10.482180293501049,0,0,5,2.0964360587002098,1,0.41928721174004197,0,0,1,0.41928721174004197,0,0,1,0.41928721174004197,16,6.7085953878406714,1,0.41928721174004197,6,2.515723270440252,0,0,7,4,0,0,1,0.5,50,0.375,18,14,32,0.2222222222222222,0.26086956521739135
0,788,0.6751269035532995,0.4,4,6,7.614213197969542,4,5.0761421319796955,1,1.2690355329949239,2,2.5380710659898478,0,0,0,0,19,24.111675126903553,0,0,2,2.5380710659898478,1,1.2690355329949239,0,0,3,3.807106598984771,2,2.5380710659898478,0,0,3,3.807106598984771,2,2.5380710659898478,0,0,0,0,2.3333333333333335,3.111111111111111,0,0,1,0.76,50,0.1875,8,16,24,0.1111111111111111,0.08695652173913046
0,1131,0.5985853227232537,0.4,4,5,4.420866489832007,2,1.7683465959328029,3,2.6525198938992043,3,2.6525198938992043,0,0,0,0,28,24.75685234305924,0,0,4,3.5366931918656057,2,1.7683465959328029,0,0,4,3.5366931918656057,3,2.6525198938992043,0,0,7,6.18921308576481,1,0.8841732979664014,4,3.5366931918656057,0,0,1.6666666666666667,4,0,0,1,0.84,50,0.1875,9,21,30,0.4444444444444444,0.30434782608695654
0,593,0.5379426644182125,0.4666666666666667,4,4,6.745362563237775,1,1.6863406408094437,2,3.3726812816188874,4,6.745362563237775,0,0,0,0,13,21.922428330522767,0,0,2,3.3726812816188874,1,1.6863406408094437,0,0,2,3.3726812816188874,1,1.6863406408094437,1,1.6863406408094437,0,0,0,0,0,0,1,1.6863406408094437,4,4,1,0,1,0.6,50,0.25,11,17,28,0.2222222222222222,0.43478260869565216
0,413,0.44552058111380144,0.5333333333333333,4,3,7.263922518159807,0,0,2,4.8426150121065374,0,0,0,0,0,0,2,4.8426150121065374,0,0,0,0,0,0,0,0,2,4.8426150121065374,2,4.8426150121065374,0,0,0,0,1,2.4213075060532687,0,0,0,0,2,4,0,0,1,0.4,50,0.5625,5,15,20,0.3333333333333333,0.391304347826087
0,544,0.3915441176470588,0.3333333333333333,7,4,7.352941176470588,0,0,0,0,0,0,0,0,0,0,5,9.191176470588236,0,0,0,0,0,0,0,0,0,0,0,0,0,0,0,0,0,0,0,0,0,0,4.333333333333333,2.2222222222222223,0,0,1,0.42,50,0.375,14,18,32,0.5555555555555556,0.5217391304347826
0,688,0.4127906976744186,0.3333333333333333,4,5,7.267441860465117,0,0,0,0,1,1.4534883720930234,0,0,0,0,4,5.813953488372094,0,0,2,2.906976744186047,0,0,0,0,0,0,0,0,1,1.4534883720930234,0,0,0,0,0,0,0,0,2.333333333333333,3.111111111111111,0,0,1,0.32,50,0.75,8,18,26,0.5555555555555556,0.6521739130434783
0,594,0.45791245791245794,0.4666666666666667,5,8,13.468013468013469,0,0,1,1.6835016835016836,1,1.6835016835016836,0,0,0,0,5,8.417508417508419,0,0,0,0,0,0,0,0,1,1.6835016835016836,1,1.6835016835016836,0,0,0,0,1,1.6835016835016836,0,0,2,3.367003367003367,7.333333333333333,3.111111111111111,1,0,1,0.26,50,0.6875,12,18,30,0.5555555555555556,0.6086956521739131
0,1488,0.4220430107526882,0.4,17,9,6.048387096774194,1,0.6720430107526881,1,0.6720430107526881,1,0.6720430107526881,0,0,0,0,13,8.736559139784946,0,0,1,0.6720430107526881,1,0.6720430107526881,0,0,1,0.6720430107526881,0,0,0,0,5,3.360215053763441,0,0,3,2.0161290322580645,1,0.6720430107526881,3.3333333333333335,3.5555555555555554,1,0,1,0.58,50,0.5,6,10,16,0,0.3913043478260869
0,5753,0.3253954458543369,0.4666666666666667,12,37,6.431427081522684,4,0.6952894142186685,1,0.17382235355466713,3,0.5214670606640014,0,0,0,0,32,5.562315313749348,0,0,7,1.2167564748826698,2,0.34764470710933426,0,0,3,0.5214670606640014,3,0.5214670606640014,0,0,10,1.7382235355466713,2,0.34764470710933426,2,0.34764470710933426,1,0.17382235355466713,1,3.111111111111111,0,0,1,0.24,50,0.6875,12,14,26,0.6666666666666666,0.5652173913043479
0,295,0.33220338983050846,0.3333333333333333,5,3,10.16949152542373,0,0,0,0,0,0,0,0,0,0,0,0,0,0,0,0,0,0,0,0,0,0,0,0,0,0,0,0,0,0,0,0,0,0,2.6666666666666665,4,0,0,1,0.3,50,0.875,23,10,33,0.7777777777777778,0.5217391304347826
